/*--------------------------------*- C++ -*----------------------------------*\
  =========                 |
  \\      /  F ield         | OpenFOAM: The Open Source CFD Toolbox
   \\    /   O peration     | Website:  https://openfoam.org
    \\  /    A nd           | Version:  8
     \\/     M anipulation  |
\*---------------------------------------------------------------------------*/
FoamFile
{
    version     2.0;
    format      ascii;
    class       volScalarField;
    location    "1";
    object      beta;
}
// * * * * * * * * * * * * * * * * * * * * * * * * * * * * * * * * * * * * * //

dimensions      [0 0 0 0 0 0 0];

internalField   nonuniform List<scalar> 
2500
(
1.07502
1.23673
1.40391
1.56006
1.68581
1.7629
1.77898
1.7314
1.62796
1.48454
1.32056
1.15435
1
0.866287
0.757252
0.673608
0.614264
0.577567
0.562119
0.567249
0.593185
0.641
0.712298
0.808581
0.930215
1.07502
1.23673
1.40391
1.56006
1.68581
1.7629
1.77898
1.7314
1.62796
1.48454
1.32056
1.15435
1
0.866287
0.757252
0.673608
0.614264
0.577567
0.562119
0.567249
0.593185
0.641
0.712298
0.808581
0.930215
1.23673
1.86651
2.70867
3.69224
4.63637
5.28699
5.42996
5.01435
4.18442
3.19152
2.26303
1.5244
1
0.655998
0.441885
0.313331
0.238982
0.199428
0.184164
0.189144
0.215686
0.270838
0.369185
0.535758
0.808581
1.23673
1.86651
2.70867
3.69224
4.63637
5.28699
5.42996
5.01435
4.18442
3.19152
2.26303
1.5244
1
0.655998
0.441885
0.313331
0.238982
0.199428
0.184164
0.189144
0.215686
0.270838
0.369185
0.535758
0.808581
1.40391
2.70867
4.90889
8.04994
11.5795
14.2806
14.9022
13.123
9.83031
6.37872
3.68413
1.96044
1
0.510091
0.271434
0.156771
0.101726
0.0762019
0.0671041
0.0700248
0.0863599
0.124225
0.203712
0.369185
0.712298
1.40391
2.70867
4.90889
8.04994
11.5795
14.2806
14.9022
13.123
9.83031
6.37872
3.68413
1.96044
1
0.510091
0.271434
0.156771
0.101726
0.0762019
0.0671041
0.0700248
0.0863599
0.124225
0.203712
0.369185
0.712298
1.56006
3.69224
8.04994
15.3951
24.7949
32.6385
34.5132
29.2148
20.0047
11.3476
5.5258
2.41678
1
0.413773
0.180969
0.0881241
0.0499883
0.0342292
0.0289744
0.0306386
0.0403309
0.0649559
0.124225
0.270838
0.641
1.56006
3.69224
8.04994
15.3951
24.7949
32.6385
34.5132
29.2148
20.0047
11.3476
5.5258
2.41678
1
0.413773
0.180969
0.0881241
0.0499883
0.0342292
0.0289744
0.0306386
0.0403309
0.0649559
0.124225
0.270838
0.641
1.68581
4.63637
11.5795
24.7949
43.3934
59.9239
63.9857
52.6118
33.7242
17.3298
7.44402
2.81866
1
0.354779
0.134336
0.0577041
0.0296523
0.0190071
0.0156285
0.0166878
0.023045
0.0403309
0.0863599
0.215686
0.593185
1.68581
4.63637
11.5795
24.7949
43.3934
59.9239
63.9857
52.6118
33.7242
17.3298
7.44402
2.81866
1
0.354779
0.134336
0.0577041
0.0296523
0.0190071
0.0156285
0.0166878
0.023045
0.0403309
0.0863599
0.215686
0.593185
1.7629
5.28699
14.2806
32.6385
59.9239
85.07
91.3478
73.8621
45.5769
22.123
8.83977
3.08014
1
0.324661
0.113125
0.0452019
0.0219409
0.0135388
0.0109472
0.011755
0.0166878
0.0306386
0.0700248
0.189144
0.567249
1.7629
5.28699
14.2806
32.6385
59.9239
85.07
91.3478
73.8621
45.5769
22.123
8.83977
3.08014
1
0.324661
0.113125
0.0452019
0.0219409
0.0135388
0.0109472
0.011755
0.0166878
0.0306386
0.0700248
0.189144
0.567249
1.77898
5.42996
14.9022
34.5132
63.9857
91.3478
98.2007
79.1334
48.4533
23.2484
9.1539
3.13616
1
0.318861
0.109243
0.0430138
0.0206384
0.0126369
0.0101832
0.0109472
0.0156285
0.0289744
0.0671041
0.184164
0.562119
1.77898
5.42996
14.9022
34.5132
63.9857
91.3478
98.2007
79.1334
48.4533
23.2484
9.1539
3.13616
1
0.318861
0.109243
0.0430138
0.0206384
0.0126369
0.0101832
0.0109472
0.0156285
0.0289744
0.0671041
0.184164
0.562119
1.7314
5.01435
13.123
29.2148
52.6118
73.8621
79.1334
64.4194
40.3652
20.0487
8.24802
2.97191
1
0.336483
0.121241
0.0498786
0.0247738
0.0155233
0.0126369
0.0135388
0.0190071
0.0342292
0.0762019
0.199428
0.577567
1.7314
5.01435
13.123
29.2148
52.6118
73.8621
79.1334
64.4194
40.3652
20.0487
8.24802
2.97191
1
0.336483
0.121241
0.0498786
0.0247738
0.0155233
0.0126369
0.0135388
0.0190071
0.0342292
0.0762019
0.199428
0.577567
1.62796
4.18442
9.83031
20.0047
33.7242
45.5769
48.4533
40.3652
26.655
14.3207
6.50903
2.62998
1
0.380232
0.153633
0.069829
0.0375164
0.0247738
0.0206384
0.0219409
0.0296523
0.0499883
0.101726
0.238982
0.614264
1.62796
4.18442
9.83031
20.0047
33.7242
45.5769
48.4533
40.3652
26.655
14.3207
6.50903
2.62998
1
0.380232
0.153633
0.069829
0.0375164
0.0247738
0.0206384
0.0219409
0.0296523
0.0499883
0.101726
0.238982
0.614264
1.48454
3.19152
6.37872
11.3476
17.3298
22.123
23.2484
20.0487
14.3207
8.65385
4.56632
2.19018
1
0.456583
0.218995
0.115555
0.069829
0.0498786
0.0430138
0.0452019
0.0577041
0.0881241
0.156771
0.313331
0.673608
1.48454
3.19152
6.37872
11.3476
17.3298
22.123
23.2484
20.0487
14.3207
8.65385
4.56632
2.19018
1
0.456583
0.218995
0.115555
0.069829
0.0498786
0.0430138
0.0452019
0.0577041
0.0881241
0.156771
0.313331
0.673608
1.32056
2.26303
3.68413
5.5258
7.44402
8.83977
9.1539
8.24802
6.50903
4.56632
2.91188
1.73626
1
0.575951
0.343421
0.218995
0.153633
0.121241
0.109243
0.113125
0.134336
0.180969
0.271434
0.441885
0.757252
1.32056
2.26303
3.68413
5.5258
7.44402
8.83977
9.1539
8.24802
6.50903
4.56632
2.91188
1.73626
1
0.575951
0.343421
0.218995
0.153633
0.121241
0.109243
0.113125
0.134336
0.180969
0.271434
0.441885
0.757252
1.15435
1.5244
1.96044
2.41678
2.81866
3.08014
3.13616
2.97191
2.62998
2.19018
1.73626
1.32952
1
0.752154
0.575951
0.456583
0.380232
0.336483
0.318861
0.324661
0.354779
0.413773
0.510091
0.655998
0.866287
1.15435
1.5244
1.96044
2.41678
2.81866
3.08014
3.13616
2.97191
2.62998
2.19018
1.73626
1.32952
1
0.752154
0.575951
0.456583
0.380232
0.336483
0.318861
0.324661
0.354779
0.413773
0.510091
0.655998
0.866287
1
1
1
1
1
1
1
1
1
1
1
1
1
1
1
1
1
1
1
1
1
1
1
1
1
1
1
1
1
1
1
1
1
1
1
1
1
1
1
1
1
1
1
1
1
1
1
1
1
1
0.866287
0.655998
0.510091
0.413773
0.354779
0.324661
0.318861
0.336483
0.380232
0.456583
0.575951
0.752154
1
1.32952
1.73626
2.19018
2.62998
2.97191
3.13616
3.08014
2.81866
2.41678
1.96044
1.5244
1.15435
0.866287
0.655998
0.510091
0.413773
0.354779
0.324661
0.318861
0.336483
0.380232
0.456583
0.575951
0.752154
1
1.32952
1.73626
2.19018
2.62998
2.97191
3.13616
3.08014
2.81866
2.41678
1.96044
1.5244
1.15435
0.757252
0.441885
0.271434
0.180969
0.134336
0.113125
0.109243
0.121241
0.153633
0.218995
0.343421
0.575951
1
1.73626
2.91188
4.56632
6.50903
8.24802
9.1539
8.83977
7.44402
5.5258
3.68413
2.26303
1.32056
0.757252
0.441885
0.271434
0.180969
0.134336
0.113125
0.109243
0.121241
0.153633
0.218995
0.343421
0.575951
1
1.73626
2.91188
4.56632
6.50903
8.24802
9.1539
8.83977
7.44402
5.5258
3.68413
2.26303
1.32056
0.673608
0.313331
0.156771
0.0881241
0.0577041
0.0452019
0.0430138
0.0498786
0.069829
0.115555
0.218995
0.456583
1
2.19018
4.56632
8.65385
14.3207
20.0487
23.2484
22.123
17.3298
11.3476
6.37872
3.19152
1.48454
0.673608
0.313331
0.156771
0.0881241
0.0577041
0.0452019
0.0430138
0.0498786
0.069829
0.115555
0.218995
0.456583
1
2.19018
4.56632
8.65385
14.3207
20.0487
23.2484
22.123
17.3298
11.3476
6.37872
3.19152
1.48454
0.614264
0.238982
0.101726
0.0499883
0.0296523
0.0219409
0.0206384
0.0247738
0.0375164
0.069829
0.153633
0.380232
1
2.62998
6.50903
14.3207
26.655
40.3652
48.4533
45.5769
33.7242
20.0047
9.83031
4.18442
1.62796
0.614264
0.238982
0.101726
0.0499883
0.0296523
0.0219409
0.0206384
0.0247738
0.0375164
0.069829
0.153633
0.380232
1
2.62998
6.50903
14.3207
26.655
40.3652
48.4533
45.5769
33.7242
20.0047
9.83031
4.18442
1.62796
0.577567
0.199428
0.0762019
0.0342292
0.0190071
0.0135388
0.0126369
0.0155233
0.0247738
0.0498786
0.121241
0.336483
1
2.97191
8.24802
20.0487
40.3652
64.4194
79.1334
73.8621
52.6118
29.2148
13.123
5.01435
1.7314
0.577567
0.199428
0.0762019
0.0342292
0.0190071
0.0135388
0.0126369
0.0155233
0.0247738
0.0498786
0.121241
0.336483
1
2.97191
8.24802
20.0487
40.3652
64.4194
79.1334
73.8621
52.6118
29.2148
13.123
5.01435
1.7314
0.562119
0.184164
0.0671041
0.0289744
0.0156285
0.0109472
0.0101832
0.0126369
0.0206384
0.0430138
0.109243
0.318861
1
3.13616
9.1539
23.2484
48.4533
79.1334
98.2007
91.3478
63.9857
34.5132
14.9022
5.42996
1.77898
0.562119
0.184164
0.0671041
0.0289744
0.0156285
0.0109472
0.0101832
0.0126369
0.0206384
0.0430138
0.109243
0.318861
1
3.13616
9.1539
23.2484
48.4533
79.1334
98.2007
91.3478
63.9857
34.5132
14.9022
5.42996
1.77898
0.567249
0.189144
0.0700248
0.0306386
0.0166878
0.011755
0.0109472
0.0135388
0.0219409
0.0452019
0.113125
0.324661
1
3.08014
8.83977
22.123
45.5769
73.8621
91.3478
85.07
59.9239
32.6385
14.2806
5.28699
1.7629
0.567249
0.189144
0.0700248
0.0306386
0.0166878
0.011755
0.0109472
0.0135388
0.0219409
0.0452019
0.113125
0.324661
1
3.08014
8.83977
22.123
45.5769
73.8621
91.3478
85.07
59.9239
32.6385
14.2806
5.28699
1.7629
0.593185
0.215686
0.0863599
0.0403309
0.023045
0.0166878
0.0156285
0.0190071
0.0296523
0.0577041
0.134336
0.354779
1
2.81866
7.44402
17.3298
33.7242
52.6118
63.9857
59.9239
43.3934
24.7949
11.5795
4.63637
1.68581
0.593185
0.215686
0.0863599
0.0403309
0.023045
0.0166878
0.0156285
0.0190071
0.0296523
0.0577041
0.134336
0.354779
1
2.81866
7.44402
17.3298
33.7242
52.6118
63.9857
59.9239
43.3934
24.7949
11.5795
4.63637
1.68581
0.641
0.270838
0.124225
0.0649559
0.0403309
0.0306386
0.0289744
0.0342292
0.0499883
0.0881241
0.180969
0.413773
1
2.41678
5.5258
11.3476
20.0047
29.2148
34.5132
32.6385
24.7949
15.3951
8.04994
3.69224
1.56006
0.641
0.270838
0.124225
0.0649559
0.0403309
0.0306386
0.0289744
0.0342292
0.0499883
0.0881241
0.180969
0.413773
1
2.41678
5.5258
11.3476
20.0047
29.2148
34.5132
32.6385
24.7949
15.3951
8.04994
3.69224
1.56006
0.712298
0.369185
0.203712
0.124225
0.0863599
0.0700248
0.0671041
0.0762019
0.101726
0.156771
0.271434
0.510091
1
1.96044
3.68413
6.37872
9.83031
13.123
14.9022
14.2806
11.5795
8.04994
4.90889
2.70867
1.40391
0.712298
0.369185
0.203712
0.124225
0.0863599
0.0700248
0.0671041
0.0762019
0.101726
0.156771
0.271434
0.510091
1
1.96044
3.68413
6.37872
9.83031
13.123
14.9022
14.2806
11.5795
8.04994
4.90889
2.70867
1.40391
0.808581
0.535758
0.369185
0.270838
0.215686
0.189144
0.184164
0.199428
0.238982
0.313331
0.441885
0.655998
1
1.5244
2.26303
3.19152
4.18442
5.01435
5.42996
5.28699
4.63637
3.69224
2.70867
1.86651
1.23673
0.808581
0.535758
0.369185
0.270838
0.215686
0.189144
0.184164
0.199428
0.238982
0.313331
0.441885
0.655998
1
1.5244
2.26303
3.19152
4.18442
5.01435
5.42996
5.28699
4.63637
3.69224
2.70867
1.86651
1.23673
0.930215
0.808581
0.712298
0.641
0.593185
0.567249
0.562119
0.577567
0.614264
0.673608
0.757252
0.866287
1
1.15435
1.32056
1.48454
1.62796
1.7314
1.77898
1.7629
1.68581
1.56006
1.40391
1.23673
1.07502
0.930215
0.808581
0.712298
0.641
0.593185
0.567249
0.562119
0.577567
0.614264
0.673608
0.757252
0.866287
1
1.15435
1.32056
1.48454
1.62796
1.7314
1.77898
1.7629
1.68581
1.56006
1.40391
1.23673
1.07502
1.07502
1.23673
1.40391
1.56006
1.68581
1.7629
1.77898
1.7314
1.62796
1.48454
1.32056
1.15435
1
0.866287
0.757252
0.673608
0.614264
0.577567
0.562119
0.567249
0.593185
0.641
0.712298
0.808581
0.930215
1.07502
1.23673
1.40391
1.56006
1.68581
1.7629
1.77898
1.7314
1.62796
1.48454
1.32056
1.15435
1
0.866287
0.757252
0.673608
0.614264
0.577567
0.562119
0.567249
0.593185
0.641
0.712298
0.808581
0.930215
1.23673
1.86651
2.70867
3.69224
4.63637
5.28699
5.42996
5.01435
4.18442
3.19152
2.26303
1.5244
1
0.655998
0.441885
0.313331
0.238982
0.199428
0.184164
0.189144
0.215686
0.270838
0.369185
0.535758
0.808581
1.23673
1.86651
2.70867
3.69224
4.63637
5.28699
5.42996
5.01435
4.18442
3.19152
2.26303
1.5244
1
0.655998
0.441885
0.313331
0.238982
0.199428
0.184164
0.189144
0.215686
0.270838
0.369185
0.535758
0.808581
1.40391
2.70867
4.90889
8.04994
11.5795
14.2806
14.9022
13.123
9.83031
6.37872
3.68413
1.96044
1
0.510091
0.271434
0.156771
0.101726
0.0762019
0.0671041
0.0700248
0.0863599
0.124225
0.203712
0.369185
0.712298
1.40391
2.70867
4.90889
8.04994
11.5795
14.2806
14.9022
13.123
9.83031
6.37872
3.68413
1.96044
1
0.510091
0.271434
0.156771
0.101726
0.0762019
0.0671041
0.0700248
0.0863599
0.124225
0.203712
0.369185
0.712298
1.56006
3.69224
8.04994
15.3951
24.7949
32.6385
34.5132
29.2148
20.0047
11.3476
5.5258
2.41678
1
0.413773
0.180969
0.0881241
0.0499883
0.0342292
0.0289744
0.0306386
0.0403309
0.0649559
0.124225
0.270838
0.641
1.56006
3.69224
8.04994
15.3951
24.7949
32.6385
34.5132
29.2148
20.0047
11.3476
5.5258
2.41678
1
0.413773
0.180969
0.0881241
0.0499883
0.0342292
0.0289744
0.0306386
0.0403309
0.0649559
0.124225
0.270838
0.641
1.68581
4.63637
11.5795
24.7949
43.3934
59.9239
63.9857
52.6118
33.7242
17.3298
7.44402
2.81866
1
0.354779
0.134336
0.0577041
0.0296523
0.0190071
0.0156285
0.0166878
0.023045
0.0403309
0.0863599
0.215686
0.593185
1.68581
4.63637
11.5795
24.7949
43.3934
59.9239
63.9857
52.6118
33.7242
17.3298
7.44402
2.81866
1
0.354779
0.134336
0.0577041
0.0296523
0.0190071
0.0156285
0.0166878
0.023045
0.0403309
0.0863599
0.215686
0.593185
1.7629
5.28699
14.2806
32.6385
59.9239
85.07
91.3478
73.8621
45.5769
22.123
8.83977
3.08014
1
0.324661
0.113125
0.0452019
0.0219409
0.0135388
0.0109472
0.011755
0.0166878
0.0306386
0.0700248
0.189144
0.567249
1.7629
5.28699
14.2806
32.6385
59.9239
85.07
91.3478
73.8621
45.5769
22.123
8.83977
3.08014
1
0.324661
0.113125
0.0452019
0.0219409
0.0135388
0.0109472
0.011755
0.0166878
0.0306386
0.0700248
0.189144
0.567249
1.77898
5.42996
14.9022
34.5132
63.9857
91.3478
98.2007
79.1334
48.4533
23.2484
9.1539
3.13616
1
0.318861
0.109243
0.0430138
0.0206384
0.0126369
0.0101832
0.0109472
0.0156285
0.0289744
0.0671041
0.184164
0.562119
1.77898
5.42996
14.9022
34.5132
63.9857
91.3478
98.2007
79.1334
48.4533
23.2484
9.1539
3.13616
1
0.318861
0.109243
0.0430138
0.0206384
0.0126369
0.0101832
0.0109472
0.0156285
0.0289744
0.0671041
0.184164
0.562119
1.7314
5.01435
13.123
29.2148
52.6118
73.8621
79.1334
64.4194
40.3652
20.0487
8.24802
2.97191
1
0.336483
0.121241
0.0498786
0.0247738
0.0155233
0.0126369
0.0135388
0.0190071
0.0342292
0.0762019
0.199428
0.577567
1.7314
5.01435
13.123
29.2148
52.6118
73.8621
79.1334
64.4194
40.3652
20.0487
8.24802
2.97191
1
0.336483
0.121241
0.0498786
0.0247738
0.0155233
0.0126369
0.0135388
0.0190071
0.0342292
0.0762019
0.199428
0.577567
1.62796
4.18442
9.83031
20.0047
33.7242
45.5769
48.4533
40.3652
26.655
14.3207
6.50903
2.62998
1
0.380232
0.153633
0.069829
0.0375164
0.0247738
0.0206384
0.0219409
0.0296523
0.0499883
0.101726
0.238982
0.614264
1.62796
4.18442
9.83031
20.0047
33.7242
45.5769
48.4533
40.3652
26.655
14.3207
6.50903
2.62998
1
0.380232
0.153633
0.069829
0.0375164
0.0247738
0.0206384
0.0219409
0.0296523
0.0499883
0.101726
0.238982
0.614264
1.48454
3.19152
6.37872
11.3476
17.3298
22.123
23.2484
20.0487
14.3207
8.65385
4.56632
2.19018
1
0.456583
0.218995
0.115555
0.069829
0.0498786
0.0430138
0.0452019
0.0577041
0.0881241
0.156771
0.313331
0.673608
1.48454
3.19152
6.37872
11.3476
17.3298
22.123
23.2484
20.0487
14.3207
8.65385
4.56632
2.19018
1
0.456583
0.218995
0.115555
0.069829
0.0498786
0.0430138
0.0452019
0.0577041
0.0881241
0.156771
0.313331
0.673608
1.32056
2.26303
3.68413
5.5258
7.44402
8.83977
9.1539
8.24802
6.50903
4.56632
2.91188
1.73626
1
0.575951
0.343421
0.218995
0.153633
0.121241
0.109243
0.113125
0.134336
0.180969
0.271434
0.441885
0.757252
1.32056
2.26303
3.68413
5.5258
7.44402
8.83977
9.1539
8.24802
6.50903
4.56632
2.91188
1.73626
1
0.575951
0.343421
0.218995
0.153633
0.121241
0.109243
0.113125
0.134336
0.180969
0.271434
0.441885
0.757252
1.15435
1.5244
1.96044
2.41678
2.81866
3.08014
3.13616
2.97191
2.62998
2.19018
1.73626
1.32952
1
0.752154
0.575951
0.456583
0.380232
0.336483
0.318861
0.324661
0.354779
0.413773
0.510091
0.655998
0.866287
1.15435
1.5244
1.96044
2.41678
2.81866
3.08014
3.13616
2.97191
2.62998
2.19018
1.73626
1.32952
1
0.752154
0.575951
0.456583
0.380232
0.336483
0.318861
0.324661
0.354779
0.413773
0.510091
0.655998
0.866287
1
1
1
1
1
1
1
1
1
1
1
1
1
1
1
1
1
1
1
1
1
1
1
1
1
1
1
1
1
1
1
1
1
1
1
1
1
1
1
1
1
1
1
1
1
1
1
1
1
1
0.866287
0.655998
0.510091
0.413773
0.354779
0.324661
0.318861
0.336483
0.380232
0.456583
0.575951
0.752154
1
1.32952
1.73626
2.19018
2.62998
2.97191
3.13616
3.08014
2.81866
2.41678
1.96044
1.5244
1.15435
0.866287
0.655998
0.510091
0.413773
0.354779
0.324661
0.318861
0.336483
0.380232
0.456583
0.575951
0.752154
1
1.32952
1.73626
2.19018
2.62998
2.97191
3.13616
3.08014
2.81866
2.41678
1.96044
1.5244
1.15435
0.757252
0.441885
0.271434
0.180969
0.134336
0.113125
0.109243
0.121241
0.153633
0.218995
0.343421
0.575951
1
1.73626
2.91188
4.56632
6.50903
8.24802
9.1539
8.83977
7.44402
5.5258
3.68413
2.26303
1.32056
0.757252
0.441885
0.271434
0.180969
0.134336
0.113125
0.109243
0.121241
0.153633
0.218995
0.343421
0.575951
1
1.73626
2.91188
4.56632
6.50903
8.24802
9.1539
8.83977
7.44402
5.5258
3.68413
2.26303
1.32056
0.673608
0.313331
0.156771
0.0881241
0.0577041
0.0452019
0.0430138
0.0498786
0.069829
0.115555
0.218995
0.456583
1
2.19018
4.56632
8.65385
14.3207
20.0487
23.2484
22.123
17.3298
11.3476
6.37872
3.19152
1.48454
0.673608
0.313331
0.156771
0.0881241
0.0577041
0.0452019
0.0430138
0.0498786
0.069829
0.115555
0.218995
0.456583
1
2.19018
4.56632
8.65385
14.3207
20.0487
23.2484
22.123
17.3298
11.3476
6.37872
3.19152
1.48454
0.614264
0.238982
0.101726
0.0499883
0.0296523
0.0219409
0.0206384
0.0247738
0.0375164
0.069829
0.153633
0.380232
1
2.62998
6.50903
14.3207
26.655
40.3652
48.4533
45.5769
33.7242
20.0047
9.83031
4.18442
1.62796
0.614264
0.238982
0.101726
0.0499883
0.0296523
0.0219409
0.0206384
0.0247738
0.0375164
0.069829
0.153633
0.380232
1
2.62998
6.50903
14.3207
26.655
40.3652
48.4533
45.5769
33.7242
20.0047
9.83031
4.18442
1.62796
0.577567
0.199428
0.0762019
0.0342292
0.0190071
0.0135388
0.0126369
0.0155233
0.0247738
0.0498786
0.121241
0.336483
1
2.97191
8.24802
20.0487
40.3652
64.4194
79.1334
73.8621
52.6118
29.2148
13.123
5.01435
1.7314
0.577567
0.199428
0.0762019
0.0342292
0.0190071
0.0135388
0.0126369
0.0155233
0.0247738
0.0498786
0.121241
0.336483
1
2.97191
8.24802
20.0487
40.3652
64.4194
79.1334
73.8621
52.6118
29.2148
13.123
5.01435
1.7314
0.562119
0.184164
0.0671041
0.0289744
0.0156285
0.0109472
0.0101832
0.0126369
0.0206384
0.0430138
0.109243
0.318861
1
3.13616
9.1539
23.2484
48.4533
79.1334
98.2007
91.3478
63.9857
34.5132
14.9022
5.42996
1.77898
0.562119
0.184164
0.0671041
0.0289744
0.0156285
0.0109472
0.0101832
0.0126369
0.0206384
0.0430138
0.109243
0.318861
1
3.13616
9.1539
23.2484
48.4533
79.1334
98.2007
91.3478
63.9857
34.5132
14.9022
5.42996
1.77898
0.567249
0.189144
0.0700248
0.0306386
0.0166878
0.011755
0.0109472
0.0135388
0.0219409
0.0452019
0.113125
0.324661
1
3.08014
8.83977
22.123
45.5769
73.8621
91.3478
85.07
59.9239
32.6385
14.2806
5.28699
1.7629
0.567249
0.189144
0.0700248
0.0306386
0.0166878
0.011755
0.0109472
0.0135388
0.0219409
0.0452019
0.113125
0.324661
1
3.08014
8.83977
22.123
45.5769
73.8621
91.3478
85.07
59.9239
32.6385
14.2806
5.28699
1.7629
0.593185
0.215686
0.0863599
0.0403309
0.023045
0.0166878
0.0156285
0.0190071
0.0296523
0.0577041
0.134336
0.354779
1
2.81866
7.44402
17.3298
33.7242
52.6118
63.9857
59.9239
43.3934
24.7949
11.5795
4.63637
1.68581
0.593185
0.215686
0.0863599
0.0403309
0.023045
0.0166878
0.0156285
0.0190071
0.0296523
0.0577041
0.134336
0.354779
1
2.81866
7.44402
17.3298
33.7242
52.6118
63.9857
59.9239
43.3934
24.7949
11.5795
4.63637
1.68581
0.641
0.270838
0.124225
0.0649559
0.0403309
0.0306386
0.0289744
0.0342292
0.0499883
0.0881241
0.180969
0.413773
1
2.41678
5.5258
11.3476
20.0047
29.2148
34.5132
32.6385
24.7949
15.3951
8.04994
3.69224
1.56006
0.641
0.270838
0.124225
0.0649559
0.0403309
0.0306386
0.0289744
0.0342292
0.0499883
0.0881241
0.180969
0.413773
1
2.41678
5.5258
11.3476
20.0047
29.2148
34.5132
32.6385
24.7949
15.3951
8.04994
3.69224
1.56006
0.712298
0.369185
0.203712
0.124225
0.0863599
0.0700248
0.0671041
0.0762019
0.101726
0.156771
0.271434
0.510091
1
1.96044
3.68413
6.37872
9.83031
13.123
14.9022
14.2806
11.5795
8.04994
4.90889
2.70867
1.40391
0.712298
0.369185
0.203712
0.124225
0.0863599
0.0700248
0.0671041
0.0762019
0.101726
0.156771
0.271434
0.510091
1
1.96044
3.68413
6.37872
9.83031
13.123
14.9022
14.2806
11.5795
8.04994
4.90889
2.70867
1.40391
0.808581
0.535758
0.369185
0.270838
0.215686
0.189144
0.184164
0.199428
0.238982
0.313331
0.441885
0.655998
1
1.5244
2.26303
3.19152
4.18442
5.01435
5.42996
5.28699
4.63637
3.69224
2.70867
1.86651
1.23673
0.808581
0.535758
0.369185
0.270838
0.215686
0.189144
0.184164
0.199428
0.238982
0.313331
0.441885
0.655998
1
1.5244
2.26303
3.19152
4.18442
5.01435
5.42996
5.28699
4.63637
3.69224
2.70867
1.86651
1.23673
0.930215
0.808581
0.712298
0.641
0.593185
0.567249
0.562119
0.577567
0.614264
0.673608
0.757252
0.866287
1
1.15435
1.32056
1.48454
1.62796
1.7314
1.77898
1.7629
1.68581
1.56006
1.40391
1.23673
1.07502
0.930215
0.808581
0.712298
0.641
0.593185
0.567249
0.562119
0.577567
0.614264
0.673608
0.757252
0.866287
1
1.15435
1.32056
1.48454
1.62796
1.7314
1.77898
1.7629
1.68581
1.56006
1.40391
1.23673
1.07502
)
;

boundaryField
{
    left
    {
        type            zeroGradient;
    }
    right
    {
        type            zeroGradient;
    }
    bottom
    {
        type            zeroGradient;
    }
    top
    {
        type            zeroGradient;
    }
    frontAndBack
    {
        type            empty;
    }
}


// ************************************************************************* //
