/*--------------------------------*- C++ -*----------------------------------*\
  =========                 |
  \\      /  F ield         | OpenFOAM: The Open Source CFD Toolbox
   \\    /   O peration     | Website:  https://openfoam.org
    \\  /    A nd           | Version:  8
     \\/     M anipulation  |
\*---------------------------------------------------------------------------*/
FoamFile
{
    version     2.0;
    format      ascii;
    class       volScalarField;
    location    "1";
    object      mu;
}
// * * * * * * * * * * * * * * * * * * * * * * * * * * * * * * * * * * * * * //

dimensions      [0 2 0 0 0 0 0];

internalField   nonuniform List<scalar> 
2500
(
1.03698
1.11446
1.19568
1.2792
1.36326
1.44576
1.52437
1.59659
1.65995
1.71208
1.75094
1.77493
1.78304
1.77493
1.75094
1.71208
1.65995
1.59659
1.52437
1.44576
1.36326
1.2792
1.19568
1.11446
1.03698
0.964338
0.897298
0.836347
0.781736
0.733535
0.691677
0.65601
0.626333
0.602428
0.584084
0.571122
0.563402
0.560839
0.563402
0.571122
0.584084
0.602428
0.626333
0.65601
0.691677
0.733535
0.781736
0.836347
0.897298
0.964338
1.11446
1.38181
1.70457
2.08513
2.52125
3.00445
3.51869
4.03997
4.53747
4.97612
5.32081
5.54134
5.61727
5.54134
5.32081
4.97612
4.53747
4.03997
3.51869
3.00445
2.52125
2.08513
1.70457
1.38181
1.11446
0.897298
0.723691
0.586657
0.479587
0.396629
0.332839
0.284197
0.247526
0.220387
0.20096
0.187941
0.180462
0.178022
0.180462
0.187941
0.20096
0.220387
0.247526
0.284197
0.332839
0.396629
0.479587
0.586657
0.723691
0.897298
1.19568
1.70457
2.40972
3.35964
4.59535
6.1362
7.9626
10
12.1109
14.1016
15.7483
16.8392
17.2214
16.8392
15.7483
14.1016
12.1109
10
7.9626
6.1362
4.59535
3.35964
2.40972
1.70457
1.19568
0.836347
0.586657
0.414987
0.297651
0.217611
0.162967
0.125587
0.1
0.0825706
0.0709142
0.0634988
0.0593853
0.0580674
0.0593853
0.0634988
0.0709142
0.0825706
0.1
0.125587
0.162967
0.217611
0.297651
0.414987
0.586657
0.836347
1.2792
2.08513
3.35964
5.3107
8.17666
12.1789
17.4389
23.8699
31.078
38.3282
44.6283
48.9427
50.4797
48.9427
44.6283
38.3282
31.078
23.8699
17.4389
12.1789
8.17666
5.3107
3.35964
2.08513
1.2792
0.781736
0.479587
0.297651
0.188299
0.122299
0.0821093
0.0573431
0.0418938
0.0321771
0.0260905
0.0224073
0.0204321
0.0198099
0.0204321
0.0224073
0.0260905
0.0321771
0.0418938
0.0573431
0.0821093
0.122299
0.188299
0.297651
0.479587
0.781736
1.36326
2.52125
4.59535
8.17666
14.0748
23.2378
36.5093
54.1966
75.543
98.355
119.116
133.785
139.094
133.785
119.116
98.355
75.543
54.1966
36.5093
23.2378
14.0748
8.17666
4.59535
2.52125
1.36326
0.733535
0.396629
0.217611
0.122299
0.0710491
0.0430333
0.0273903
0.0184513
0.0132375
0.0101672
0.00839516
0.00747469
0.0071894
0.00747469
0.00839516
0.0101672
0.0132375
0.0184513
0.0273903
0.0430333
0.0710491
0.122299
0.217611
0.396629
0.733535
1.44576
3.00445
6.1362
12.1789
23.2378
42.1927
72.2185
115.544
171.52
234.773
294.844
338.525
354.565
338.525
294.844
234.773
171.52
115.544
72.2185
42.1927
23.2378
12.1789
6.1362
3.00445
1.44576
0.691677
0.332839
0.162967
0.0821093
0.0430333
0.0237008
0.0138469
0.00865471
0.00583021
0.00425944
0.00339162
0.00295399
0.00282036
0.00295399
0.00339162
0.00425944
0.00583021
0.00865471
0.0138469
0.0237008
0.0430333
0.0821093
0.162967
0.332839
0.691677
1.52437
3.51869
7.9626
17.4389
36.5093
72.2185
133.531
228.556
359.088
514.176
667.217
781.415
823.9
781.415
667.217
514.176
359.088
228.556
133.531
72.2185
36.5093
17.4389
7.9626
3.51869
1.52437
0.65601
0.284197
0.125587
0.0573431
0.0273903
0.0138469
0.00748892
0.0043753
0.00278484
0.00194486
0.00149876
0.00127973
0.00121374
0.00127973
0.00149876
0.00194486
0.00278484
0.0043753
0.00748892
0.0138469
0.0273903
0.0573431
0.125587
0.284197
0.65601
1.59659
4.03997
10
23.8699
54.1966
115.544
228.556
414.987
685.154
1020.52
1362.7
1623.87
1722.14
1623.87
1362.7
1020.52
685.154
414.987
228.556
115.544
54.1966
23.8699
10
4.03997
1.59659
0.626333
0.247526
0.1
0.0418938
0.0184513
0.00865471
0.0043753
0.00240972
0.00145953
0.000979896
0.000733836
0.000615814
0.000580674
0.000615814
0.000733836
0.000979896
0.00145953
0.00240972
0.0043753
0.00865471
0.0184513
0.0418938
0.1
0.247526
0.626333
1.65995
4.53747
12.1109
31.078
75.543
171.52
359.088
685.154
1179.38
1815.84
2483.73
3003.22
3200.57
3003.22
2483.73
1815.84
1179.38
685.154
359.088
171.52
75.543
31.078
12.1109
4.53747
1.65995
0.602428
0.220387
0.0825706
0.0321771
0.0132375
0.00583021
0.00278484
0.00145953
0.000847903
0.00055071
0.000402621
0.000332976
0.000312445
0.000332976
0.000402621
0.00055071
0.000847903
0.00145953
0.00278484
0.00583021
0.0132375
0.0321771
0.0825706
0.220387
0.602428
1.71208
4.97612
14.1016
38.3282
98.355
234.773
514.176
1020.52
1815.84
2870.37
4001.87
4895.3
5237.28
4895.3
4001.87
2870.37
1815.84
1020.52
514.176
234.773
98.355
38.3282
14.1016
4.97612
1.71208
0.584084
0.20096
0.0709142
0.0260905
0.0101672
0.00425944
0.00194486
0.000979896
0.00055071
0.000348388
0.000249883
0.000204277
0.000190939
0.000204277
0.000249883
0.000348388
0.00055071
0.000979896
0.00194486
0.00425944
0.0101672
0.0260905
0.0709142
0.20096
0.584084
1.75094
5.32081
15.7483
44.6283
119.116
294.844
667.217
1362.7
2483.73
4001.87
5657.35
6978.83
7487.43
6978.83
5657.35
4001.87
2483.73
1362.7
667.217
294.844
119.116
44.6283
15.7483
5.32081
1.75094
0.571122
0.187941
0.0634988
0.0224073
0.00839516
0.00339162
0.00149876
0.000733836
0.000402621
0.000249883
0.000176761
0.000143291
0.000133557
0.000143291
0.000176761
0.000249883
0.000402621
0.000733836
0.00149876
0.00339162
0.00839516
0.0224073
0.0634988
0.187941
0.571122
1.77493
5.54134
16.8392
48.9427
133.785
338.525
781.415
1623.87
3003.22
4895.3
6978.83
8652.99
9299.48
8652.99
6978.83
4895.3
3003.22
1623.87
781.415
338.525
133.785
48.9427
16.8392
5.54134
1.77493
0.563402
0.180462
0.0593853
0.0204321
0.00747469
0.00295399
0.00127973
0.000615814
0.000332976
0.000204277
0.000143291
0.000115567
0.000107533
0.000115567
0.000143291
0.000204277
0.000332976
0.000615814
0.00127973
0.00295399
0.00747469
0.0204321
0.0593853
0.180462
0.563402
1.78304
5.61727
17.2214
50.4797
139.094
354.565
823.9
1722.14
3200.57
5237.28
7487.43
9299.48
10000
9299.48
7487.43
5237.28
3200.57
1722.14
823.9
354.565
139.094
50.4797
17.2214
5.61727
1.78304
0.560839
0.178022
0.0580674
0.0198099
0.0071894
0.00282036
0.00121374
0.000580674
0.000312445
0.000190939
0.000133557
0.000107533
0.0001
0.000107533
0.000133557
0.000190939
0.000312445
0.000580674
0.00121374
0.00282036
0.0071894
0.0198099
0.0580674
0.178022
0.560839
1.77493
5.54134
16.8392
48.9427
133.785
338.525
781.415
1623.87
3003.22
4895.3
6978.83
8652.99
9299.48
8652.99
6978.83
4895.3
3003.22
1623.87
781.415
338.525
133.785
48.9427
16.8392
5.54134
1.77493
0.563402
0.180462
0.0593853
0.0204321
0.00747469
0.00295399
0.00127973
0.000615814
0.000332976
0.000204277
0.000143291
0.000115567
0.000107533
0.000115567
0.000143291
0.000204277
0.000332976
0.000615814
0.00127973
0.00295399
0.00747469
0.0204321
0.0593853
0.180462
0.563402
1.75094
5.32081
15.7483
44.6283
119.116
294.844
667.217
1362.7
2483.73
4001.87
5657.35
6978.83
7487.43
6978.83
5657.35
4001.87
2483.73
1362.7
667.217
294.844
119.116
44.6283
15.7483
5.32081
1.75094
0.571122
0.187941
0.0634988
0.0224073
0.00839516
0.00339162
0.00149876
0.000733836
0.000402621
0.000249883
0.000176761
0.000143291
0.000133557
0.000143291
0.000176761
0.000249883
0.000402621
0.000733836
0.00149876
0.00339162
0.00839516
0.0224073
0.0634988
0.187941
0.571122
1.71208
4.97612
14.1016
38.3282
98.355
234.773
514.176
1020.52
1815.84
2870.37
4001.87
4895.3
5237.28
4895.3
4001.87
2870.37
1815.84
1020.52
514.176
234.773
98.355
38.3282
14.1016
4.97612
1.71208
0.584084
0.20096
0.0709142
0.0260905
0.0101672
0.00425944
0.00194486
0.000979896
0.00055071
0.000348388
0.000249883
0.000204277
0.000190939
0.000204277
0.000249883
0.000348388
0.00055071
0.000979896
0.00194486
0.00425944
0.0101672
0.0260905
0.0709142
0.20096
0.584084
1.65995
4.53747
12.1109
31.078
75.543
171.52
359.088
685.154
1179.38
1815.84
2483.73
3003.22
3200.57
3003.22
2483.73
1815.84
1179.38
685.154
359.088
171.52
75.543
31.078
12.1109
4.53747
1.65995
0.602428
0.220387
0.0825706
0.0321771
0.0132375
0.00583021
0.00278484
0.00145953
0.000847903
0.00055071
0.000402621
0.000332976
0.000312445
0.000332976
0.000402621
0.00055071
0.000847903
0.00145953
0.00278484
0.00583021
0.0132375
0.0321771
0.0825706
0.220387
0.602428
1.59659
4.03997
10
23.8699
54.1966
115.544
228.556
414.987
685.154
1020.52
1362.7
1623.87
1722.14
1623.87
1362.7
1020.52
685.154
414.987
228.556
115.544
54.1966
23.8699
10
4.03997
1.59659
0.626333
0.247526
0.1
0.0418938
0.0184513
0.00865471
0.0043753
0.00240972
0.00145953
0.000979896
0.000733836
0.000615814
0.000580674
0.000615814
0.000733836
0.000979896
0.00145953
0.00240972
0.0043753
0.00865471
0.0184513
0.0418938
0.1
0.247526
0.626333
1.52437
3.51869
7.9626
17.4389
36.5093
72.2185
133.531
228.556
359.088
514.176
667.217
781.415
823.9
781.415
667.217
514.176
359.088
228.556
133.531
72.2185
36.5093
17.4389
7.9626
3.51869
1.52437
0.65601
0.284197
0.125587
0.0573431
0.0273903
0.0138469
0.00748892
0.0043753
0.00278484
0.00194486
0.00149876
0.00127973
0.00121374
0.00127973
0.00149876
0.00194486
0.00278484
0.0043753
0.00748892
0.0138469
0.0273903
0.0573431
0.125587
0.284197
0.65601
1.44576
3.00445
6.1362
12.1789
23.2378
42.1927
72.2185
115.544
171.52
234.773
294.844
338.525
354.565
338.525
294.844
234.773
171.52
115.544
72.2185
42.1927
23.2378
12.1789
6.1362
3.00445
1.44576
0.691677
0.332839
0.162967
0.0821093
0.0430333
0.0237008
0.0138469
0.00865471
0.00583021
0.00425944
0.00339162
0.00295399
0.00282036
0.00295399
0.00339162
0.00425944
0.00583021
0.00865471
0.0138469
0.0237008
0.0430333
0.0821093
0.162967
0.332839
0.691677
1.36326
2.52125
4.59535
8.17666
14.0748
23.2378
36.5093
54.1966
75.543
98.355
119.116
133.785
139.094
133.785
119.116
98.355
75.543
54.1966
36.5093
23.2378
14.0748
8.17666
4.59535
2.52125
1.36326
0.733535
0.396629
0.217611
0.122299
0.0710491
0.0430333
0.0273903
0.0184513
0.0132375
0.0101672
0.00839516
0.00747469
0.0071894
0.00747469
0.00839516
0.0101672
0.0132375
0.0184513
0.0273903
0.0430333
0.0710491
0.122299
0.217611
0.396629
0.733535
1.2792
2.08513
3.35964
5.3107
8.17666
12.1789
17.4389
23.8699
31.078
38.3282
44.6283
48.9427
50.4797
48.9427
44.6283
38.3282
31.078
23.8699
17.4389
12.1789
8.17666
5.3107
3.35964
2.08513
1.2792
0.781736
0.479587
0.297651
0.188299
0.122299
0.0821093
0.0573431
0.0418938
0.0321771
0.0260905
0.0224073
0.0204321
0.0198099
0.0204321
0.0224073
0.0260905
0.0321771
0.0418938
0.0573431
0.0821093
0.122299
0.188299
0.297651
0.479587
0.781736
1.19568
1.70457
2.40972
3.35964
4.59535
6.1362
7.9626
10
12.1109
14.1016
15.7483
16.8392
17.2214
16.8392
15.7483
14.1016
12.1109
10
7.9626
6.1362
4.59535
3.35964
2.40972
1.70457
1.19568
0.836347
0.586657
0.414987
0.297651
0.217611
0.162967
0.125587
0.1
0.0825706
0.0709142
0.0634988
0.0593853
0.0580674
0.0593853
0.0634988
0.0709142
0.0825706
0.1
0.125587
0.162967
0.217611
0.297651
0.414987
0.586657
0.836347
1.11446
1.38181
1.70457
2.08513
2.52125
3.00445
3.51869
4.03997
4.53747
4.97612
5.32081
5.54134
5.61727
5.54134
5.32081
4.97612
4.53747
4.03997
3.51869
3.00445
2.52125
2.08513
1.70457
1.38181
1.11446
0.897298
0.723691
0.586657
0.479587
0.396629
0.332839
0.284197
0.247526
0.220387
0.20096
0.187941
0.180462
0.178022
0.180462
0.187941
0.20096
0.220387
0.247526
0.284197
0.332839
0.396629
0.479587
0.586657
0.723691
0.897298
1.03698
1.11446
1.19568
1.2792
1.36326
1.44576
1.52437
1.59659
1.65995
1.71208
1.75094
1.77493
1.78304
1.77493
1.75094
1.71208
1.65995
1.59659
1.52437
1.44576
1.36326
1.2792
1.19568
1.11446
1.03698
0.964338
0.897298
0.836347
0.781736
0.733535
0.691677
0.65601
0.626333
0.602428
0.584084
0.571122
0.563402
0.560839
0.563402
0.571122
0.584084
0.602428
0.626333
0.65601
0.691677
0.733535
0.781736
0.836347
0.897298
0.964338
0.964338
0.897298
0.836347
0.781736
0.733535
0.691677
0.65601
0.626333
0.602428
0.584084
0.571122
0.563402
0.560839
0.563402
0.571122
0.584084
0.602428
0.626333
0.65601
0.691677
0.733535
0.781736
0.836347
0.897298
0.964338
1.03698
1.11446
1.19568
1.2792
1.36326
1.44576
1.52437
1.59659
1.65995
1.71208
1.75094
1.77493
1.78304
1.77493
1.75094
1.71208
1.65995
1.59659
1.52437
1.44576
1.36326
1.2792
1.19568
1.11446
1.03698
0.897298
0.723691
0.586657
0.479587
0.396629
0.332839
0.284197
0.247526
0.220387
0.20096
0.187941
0.180462
0.178022
0.180462
0.187941
0.20096
0.220387
0.247526
0.284197
0.332839
0.396629
0.479587
0.586657
0.723691
0.897298
1.11446
1.38181
1.70457
2.08513
2.52125
3.00445
3.51869
4.03997
4.53747
4.97612
5.32081
5.54134
5.61727
5.54134
5.32081
4.97612
4.53747
4.03997
3.51869
3.00445
2.52125
2.08513
1.70457
1.38181
1.11446
0.836347
0.586657
0.414987
0.297651
0.217611
0.162967
0.125587
0.1
0.0825706
0.0709142
0.0634988
0.0593853
0.0580674
0.0593853
0.0634988
0.0709142
0.0825706
0.1
0.125587
0.162967
0.217611
0.297651
0.414987
0.586657
0.836347
1.19568
1.70457
2.40972
3.35964
4.59535
6.1362
7.9626
10
12.1109
14.1016
15.7483
16.8392
17.2214
16.8392
15.7483
14.1016
12.1109
10
7.9626
6.1362
4.59535
3.35964
2.40972
1.70457
1.19568
0.781736
0.479587
0.297651
0.188299
0.122299
0.0821093
0.0573431
0.0418938
0.0321771
0.0260905
0.0224073
0.0204321
0.0198099
0.0204321
0.0224073
0.0260905
0.0321771
0.0418938
0.0573431
0.0821093
0.122299
0.188299
0.297651
0.479587
0.781736
1.2792
2.08513
3.35964
5.3107
8.17666
12.1789
17.4389
23.8699
31.078
38.3282
44.6283
48.9427
50.4797
48.9427
44.6283
38.3282
31.078
23.8699
17.4389
12.1789
8.17666
5.3107
3.35964
2.08513
1.2792
0.733535
0.396629
0.217611
0.122299
0.0710491
0.0430333
0.0273903
0.0184513
0.0132375
0.0101672
0.00839516
0.00747469
0.0071894
0.00747469
0.00839516
0.0101672
0.0132375
0.0184513
0.0273903
0.0430333
0.0710491
0.122299
0.217611
0.396629
0.733535
1.36326
2.52125
4.59535
8.17666
14.0748
23.2378
36.5093
54.1966
75.543
98.355
119.116
133.785
139.094
133.785
119.116
98.355
75.543
54.1966
36.5093
23.2378
14.0748
8.17666
4.59535
2.52125
1.36326
0.691677
0.332839
0.162967
0.0821093
0.0430333
0.0237008
0.0138469
0.00865471
0.00583021
0.00425944
0.00339162
0.00295399
0.00282036
0.00295399
0.00339162
0.00425944
0.00583021
0.00865471
0.0138469
0.0237008
0.0430333
0.0821093
0.162967
0.332839
0.691677
1.44576
3.00445
6.1362
12.1789
23.2378
42.1927
72.2185
115.544
171.52
234.773
294.844
338.525
354.565
338.525
294.844
234.773
171.52
115.544
72.2185
42.1927
23.2378
12.1789
6.1362
3.00445
1.44576
0.65601
0.284197
0.125587
0.0573431
0.0273903
0.0138469
0.00748892
0.0043753
0.00278484
0.00194486
0.00149876
0.00127973
0.00121374
0.00127973
0.00149876
0.00194486
0.00278484
0.0043753
0.00748892
0.0138469
0.0273903
0.0573431
0.125587
0.284197
0.65601
1.52437
3.51869
7.9626
17.4389
36.5093
72.2185
133.531
228.556
359.088
514.176
667.217
781.415
823.9
781.415
667.217
514.176
359.088
228.556
133.531
72.2185
36.5093
17.4389
7.9626
3.51869
1.52437
0.626333
0.247526
0.1
0.0418938
0.0184513
0.00865471
0.0043753
0.00240972
0.00145953
0.000979896
0.000733836
0.000615814
0.000580674
0.000615814
0.000733836
0.000979896
0.00145953
0.00240972
0.0043753
0.00865471
0.0184513
0.0418938
0.1
0.247526
0.626333
1.59659
4.03997
10
23.8699
54.1966
115.544
228.556
414.987
685.154
1020.52
1362.7
1623.87
1722.14
1623.87
1362.7
1020.52
685.154
414.987
228.556
115.544
54.1966
23.8699
10
4.03997
1.59659
0.602428
0.220387
0.0825706
0.0321771
0.0132375
0.00583021
0.00278484
0.00145953
0.000847903
0.00055071
0.000402621
0.000332976
0.000312445
0.000332976
0.000402621
0.00055071
0.000847903
0.00145953
0.00278484
0.00583021
0.0132375
0.0321771
0.0825706
0.220387
0.602428
1.65995
4.53747
12.1109
31.078
75.543
171.52
359.088
685.154
1179.38
1815.84
2483.73
3003.22
3200.57
3003.22
2483.73
1815.84
1179.38
685.154
359.088
171.52
75.543
31.078
12.1109
4.53747
1.65995
0.584084
0.20096
0.0709142
0.0260905
0.0101672
0.00425944
0.00194486
0.000979896
0.00055071
0.000348388
0.000249883
0.000204277
0.000190939
0.000204277
0.000249883
0.000348388
0.00055071
0.000979896
0.00194486
0.00425944
0.0101672
0.0260905
0.0709142
0.20096
0.584084
1.71208
4.97612
14.1016
38.3282
98.355
234.773
514.176
1020.52
1815.84
2870.37
4001.87
4895.3
5237.28
4895.3
4001.87
2870.37
1815.84
1020.52
514.176
234.773
98.355
38.3282
14.1016
4.97612
1.71208
0.571122
0.187941
0.0634988
0.0224073
0.00839516
0.00339162
0.00149876
0.000733836
0.000402621
0.000249883
0.000176761
0.000143291
0.000133557
0.000143291
0.000176761
0.000249883
0.000402621
0.000733836
0.00149876
0.00339162
0.00839516
0.0224073
0.0634988
0.187941
0.571122
1.75094
5.32081
15.7483
44.6283
119.116
294.844
667.217
1362.7
2483.73
4001.87
5657.35
6978.83
7487.43
6978.83
5657.35
4001.87
2483.73
1362.7
667.217
294.844
119.116
44.6283
15.7483
5.32081
1.75094
0.563402
0.180462
0.0593853
0.0204321
0.00747469
0.00295399
0.00127973
0.000615814
0.000332976
0.000204277
0.000143291
0.000115567
0.000107533
0.000115567
0.000143291
0.000204277
0.000332976
0.000615814
0.00127973
0.00295399
0.00747469
0.0204321
0.0593853
0.180462
0.563402
1.77493
5.54134
16.8392
48.9427
133.785
338.525
781.415
1623.87
3003.22
4895.3
6978.83
8652.99
9299.48
8652.99
6978.83
4895.3
3003.22
1623.87
781.415
338.525
133.785
48.9427
16.8392
5.54134
1.77493
0.560839
0.178022
0.0580674
0.0198099
0.0071894
0.00282036
0.00121374
0.000580674
0.000312445
0.000190939
0.000133557
0.000107533
0.0001
0.000107533
0.000133557
0.000190939
0.000312445
0.000580674
0.00121374
0.00282036
0.0071894
0.0198099
0.0580674
0.178022
0.560839
1.78304
5.61727
17.2214
50.4797
139.094
354.565
823.9
1722.14
3200.57
5237.28
7487.43
9299.48
10000
9299.48
7487.43
5237.28
3200.57
1722.14
823.9
354.565
139.094
50.4797
17.2214
5.61727
1.78304
0.563402
0.180462
0.0593853
0.0204321
0.00747469
0.00295399
0.00127973
0.000615814
0.000332976
0.000204277
0.000143291
0.000115567
0.000107533
0.000115567
0.000143291
0.000204277
0.000332976
0.000615814
0.00127973
0.00295399
0.00747469
0.0204321
0.0593853
0.180462
0.563402
1.77493
5.54134
16.8392
48.9427
133.785
338.525
781.415
1623.87
3003.22
4895.3
6978.83
8652.99
9299.48
8652.99
6978.83
4895.3
3003.22
1623.87
781.415
338.525
133.785
48.9427
16.8392
5.54134
1.77493
0.571122
0.187941
0.0634988
0.0224073
0.00839516
0.00339162
0.00149876
0.000733836
0.000402621
0.000249883
0.000176761
0.000143291
0.000133557
0.000143291
0.000176761
0.000249883
0.000402621
0.000733836
0.00149876
0.00339162
0.00839516
0.0224073
0.0634988
0.187941
0.571122
1.75094
5.32081
15.7483
44.6283
119.116
294.844
667.217
1362.7
2483.73
4001.87
5657.35
6978.83
7487.43
6978.83
5657.35
4001.87
2483.73
1362.7
667.217
294.844
119.116
44.6283
15.7483
5.32081
1.75094
0.584084
0.20096
0.0709142
0.0260905
0.0101672
0.00425944
0.00194486
0.000979896
0.00055071
0.000348388
0.000249883
0.000204277
0.000190939
0.000204277
0.000249883
0.000348388
0.00055071
0.000979896
0.00194486
0.00425944
0.0101672
0.0260905
0.0709142
0.20096
0.584084
1.71208
4.97612
14.1016
38.3282
98.355
234.773
514.176
1020.52
1815.84
2870.37
4001.87
4895.3
5237.28
4895.3
4001.87
2870.37
1815.84
1020.52
514.176
234.773
98.355
38.3282
14.1016
4.97612
1.71208
0.602428
0.220387
0.0825706
0.0321771
0.0132375
0.00583021
0.00278484
0.00145953
0.000847903
0.00055071
0.000402621
0.000332976
0.000312445
0.000332976
0.000402621
0.00055071
0.000847903
0.00145953
0.00278484
0.00583021
0.0132375
0.0321771
0.0825706
0.220387
0.602428
1.65995
4.53747
12.1109
31.078
75.543
171.52
359.088
685.154
1179.38
1815.84
2483.73
3003.22
3200.57
3003.22
2483.73
1815.84
1179.38
685.154
359.088
171.52
75.543
31.078
12.1109
4.53747
1.65995
0.626333
0.247526
0.1
0.0418938
0.0184513
0.00865471
0.0043753
0.00240972
0.00145953
0.000979896
0.000733836
0.000615814
0.000580674
0.000615814
0.000733836
0.000979896
0.00145953
0.00240972
0.0043753
0.00865471
0.0184513
0.0418938
0.1
0.247526
0.626333
1.59659
4.03997
10
23.8699
54.1966
115.544
228.556
414.987
685.154
1020.52
1362.7
1623.87
1722.14
1623.87
1362.7
1020.52
685.154
414.987
228.556
115.544
54.1966
23.8699
10
4.03997
1.59659
0.65601
0.284197
0.125587
0.0573431
0.0273903
0.0138469
0.00748892
0.0043753
0.00278484
0.00194486
0.00149876
0.00127973
0.00121374
0.00127973
0.00149876
0.00194486
0.00278484
0.0043753
0.00748892
0.0138469
0.0273903
0.0573431
0.125587
0.284197
0.65601
1.52437
3.51869
7.9626
17.4389
36.5093
72.2185
133.531
228.556
359.088
514.176
667.217
781.415
823.9
781.415
667.217
514.176
359.088
228.556
133.531
72.2185
36.5093
17.4389
7.9626
3.51869
1.52437
0.691677
0.332839
0.162967
0.0821093
0.0430333
0.0237008
0.0138469
0.00865471
0.00583021
0.00425944
0.00339162
0.00295399
0.00282036
0.00295399
0.00339162
0.00425944
0.00583021
0.00865471
0.0138469
0.0237008
0.0430333
0.0821093
0.162967
0.332839
0.691677
1.44576
3.00445
6.1362
12.1789
23.2378
42.1927
72.2185
115.544
171.52
234.773
294.844
338.525
354.565
338.525
294.844
234.773
171.52
115.544
72.2185
42.1927
23.2378
12.1789
6.1362
3.00445
1.44576
0.733535
0.396629
0.217611
0.122299
0.0710491
0.0430333
0.0273903
0.0184513
0.0132375
0.0101672
0.00839516
0.00747469
0.0071894
0.00747469
0.00839516
0.0101672
0.0132375
0.0184513
0.0273903
0.0430333
0.0710491
0.122299
0.217611
0.396629
0.733535
1.36326
2.52125
4.59535
8.17666
14.0748
23.2378
36.5093
54.1966
75.543
98.355
119.116
133.785
139.094
133.785
119.116
98.355
75.543
54.1966
36.5093
23.2378
14.0748
8.17666
4.59535
2.52125
1.36326
0.781736
0.479587
0.297651
0.188299
0.122299
0.0821093
0.0573431
0.0418938
0.0321771
0.0260905
0.0224073
0.0204321
0.0198099
0.0204321
0.0224073
0.0260905
0.0321771
0.0418938
0.0573431
0.0821093
0.122299
0.188299
0.297651
0.479587
0.781736
1.2792
2.08513
3.35964
5.3107
8.17666
12.1789
17.4389
23.8699
31.078
38.3282
44.6283
48.9427
50.4797
48.9427
44.6283
38.3282
31.078
23.8699
17.4389
12.1789
8.17666
5.3107
3.35964
2.08513
1.2792
0.836347
0.586657
0.414987
0.297651
0.217611
0.162967
0.125587
0.1
0.0825706
0.0709142
0.0634988
0.0593853
0.0580674
0.0593853
0.0634988
0.0709142
0.0825706
0.1
0.125587
0.162967
0.217611
0.297651
0.414987
0.586657
0.836347
1.19568
1.70457
2.40972
3.35964
4.59535
6.1362
7.9626
10
12.1109
14.1016
15.7483
16.8392
17.2214
16.8392
15.7483
14.1016
12.1109
10
7.9626
6.1362
4.59535
3.35964
2.40972
1.70457
1.19568
0.897298
0.723691
0.586657
0.479587
0.396629
0.332839
0.284197
0.247526
0.220387
0.20096
0.187941
0.180462
0.178022
0.180462
0.187941
0.20096
0.220387
0.247526
0.284197
0.332839
0.396629
0.479587
0.586657
0.723691
0.897298
1.11446
1.38181
1.70457
2.08513
2.52125
3.00445
3.51869
4.03997
4.53747
4.97612
5.32081
5.54134
5.61727
5.54134
5.32081
4.97612
4.53747
4.03997
3.51869
3.00445
2.52125
2.08513
1.70457
1.38181
1.11446
0.964338
0.897298
0.836347
0.781736
0.733535
0.691677
0.65601
0.626333
0.602428
0.584084
0.571122
0.563402
0.560839
0.563402
0.571122
0.584084
0.602428
0.626333
0.65601
0.691677
0.733535
0.781736
0.836347
0.897298
0.964338
1.03698
1.11446
1.19568
1.2792
1.36326
1.44576
1.52437
1.59659
1.65995
1.71208
1.75094
1.77493
1.78304
1.77493
1.75094
1.71208
1.65995
1.59659
1.52437
1.44576
1.36326
1.2792
1.19568
1.11446
1.03698
)
;

boundaryField
{
    left
    {
        type            zeroGradient;
    }
    right
    {
        type            zeroGradient;
    }
    bottom
    {
        type            zeroGradient;
    }
    top
    {
        type            zeroGradient;
    }
    frontAndBack
    {
        type            empty;
    }
}


// ************************************************************************* //
