/*--------------------------------*- C++ -*----------------------------------*\
  =========                 |
  \\      /  F ield         | OpenFOAM: The Open Source CFD Toolbox
   \\    /   O peration     | Website:  https://openfoam.org
    \\  /    A nd           | Version:  8
     \\/     M anipulation  |
\*---------------------------------------------------------------------------*/
FoamFile
{
    version     2.0;
    format      ascii;
    class       volScalarField;
    location    "1";
    object      muu;
}
// * * * * * * * * * * * * * * * * * * * * * * * * * * * * * * * * * * * * * //

dimensions      [0 2 0 0 0 0 0];

internalField   nonuniform List<scalar> 
2500
(
1.00912
1.02746
1.04569
1.06349
1.08055
1.09654
1.11115
1.12408
1.13507
1.14388
1.15032
1.15424
1.15555
1.15424
1.15032
1.14388
1.13507
1.12408
1.11115
1.09654
1.08055
1.06349
1.04569
1.02746
1.00912
0.990963
0.973272
0.956306
0.940297
0.925455
0.91196
0.899969
0.889614
0.881001
0.874216
0.869325
0.866372
0.865385
0.866372
0.869325
0.874216
0.881001
0.889614
0.899969
0.91196
0.925455
0.940297
0.956306
0.973272
0.990963
1.02746
1.08421
1.14263
1.20166
1.2601
1.31656
1.3696
1.41773
1.4595
1.49356
1.51878
1.53428
1.53951
1.53428
1.51878
1.49356
1.4595
1.41773
1.3696
1.31656
1.2601
1.20166
1.14263
1.08421
1.02746
0.973272
0.922334
0.875177
0.832179
0.79359
0.759554
0.730138
0.705351
0.685167
0.669541
0.658424
0.651773
0.649559
0.651773
0.658424
0.669541
0.685167
0.705351
0.730138
0.759554
0.79359
0.832179
0.875177
0.922334
0.973272
1.04569
1.14263
1.24592
1.35386
1.46413
1.57389
1.67982
1.77828
1.86549
1.93783
1.99209
2.02572
2.03712
2.02572
1.99209
1.93783
1.86549
1.77828
1.67982
1.57389
1.46413
1.35386
1.24592
1.14263
1.04569
0.956306
0.875177
0.802617
0.73863
0.683
0.635368
0.595301
0.562341
0.536051
0.51604
0.501986
0.493651
0.490889
0.493651
0.501986
0.51604
0.536051
0.562341
0.595301
0.635368
0.683
0.73863
0.802617
0.875177
0.956306
1.06349
1.20166
1.35386
1.51806
1.691
1.86811
2.04352
2.21036
2.36109
2.48817
2.58466
2.64498
2.6655
2.64498
2.58466
2.48817
2.36109
2.21036
2.04352
1.86811
1.691
1.51806
1.35386
1.20166
1.06349
0.940297
0.832179
0.73863
0.658737
0.591366
0.535301
0.489351
0.452415
0.423533
0.401902
0.386899
0.378075
0.375164
0.378075
0.386899
0.401902
0.423533
0.452415
0.489351
0.535301
0.591366
0.658737
0.73863
0.832179
0.940297
1.08055
1.2601
1.46413
1.691
1.93691
2.19558
2.45811
2.71327
2.94814
3.14919
3.30364
3.40096
3.43421
3.40096
3.30364
3.14919
2.94814
2.71327
2.45811
2.19558
1.93691
1.691
1.46413
1.2601
1.08055
0.925455
0.79359
0.683
0.591366
0.516285
0.455461
0.406817
0.368559
0.339197
0.317542
0.302696
0.294035
0.291188
0.294035
0.302696
0.317542
0.339197
0.368559
0.406817
0.455461
0.516285
0.591366
0.683
0.79359
0.925455
1.09654
1.31656
1.57389
1.86811
2.19558
2.54864
2.91516
3.27859
3.61892
3.91437
4.14379
4.28941
4.33934
4.28941
4.14379
3.91437
3.61892
3.27859
2.91516
2.54864
2.19558
1.86811
1.57389
1.31656
1.09654
0.91196
0.759554
0.635368
0.535301
0.455461
0.392365
0.343035
0.305009
0.276326
0.255469
0.241325
0.233132
0.23045
0.233132
0.241325
0.255469
0.276326
0.305009
0.343035
0.392365
0.455461
0.535301
0.635368
0.759554
0.91196
1.11115
1.3696
1.67982
2.04352
2.45811
2.91516
3.39935
3.88819
4.35311
4.76187
5.08238
5.28714
5.35758
5.28714
5.08238
4.76187
4.35311
3.88819
3.39935
2.91516
2.45811
2.04352
1.67982
1.3696
1.11115
0.899969
0.730138
0.595301
0.489351
0.406817
0.343035
0.294174
0.257189
0.229721
0.210001
0.196758
0.189138
0.186651
0.189138
0.196758
0.210001
0.229721
0.257189
0.294174
0.343035
0.406817
0.489351
0.595301
0.730138
0.899969
1.12408
1.41773
1.77828
2.21036
2.71327
3.27859
3.88819
4.51345
5.11619
5.65204
6.07575
6.34801
6.44194
6.34801
6.07575
5.65204
5.11619
4.51345
3.88819
3.27859
2.71327
2.21036
1.77828
1.41773
1.12408
0.889614
0.705351
0.562341
0.452415
0.368559
0.305009
0.257189
0.22156
0.195458
0.176927
0.164589
0.15753
0.155233
0.15753
0.164589
0.176927
0.195458
0.22156
0.257189
0.305009
0.368559
0.452415
0.562341
0.705351
0.889614
1.13507
1.4595
1.86549
2.36109
2.94814
3.61892
4.35311
5.11619
5.86021
6.52784
7.05953
7.40281
7.52154
7.40281
7.05953
6.52784
5.86021
5.11619
4.35311
3.61892
2.94814
2.36109
1.86549
1.4595
1.13507
0.881001
0.685167
0.536051
0.423533
0.339197
0.276326
0.229721
0.195458
0.170642
0.15319
0.141652
0.135084
0.132952
0.135084
0.141652
0.15319
0.170642
0.195458
0.229721
0.276326
0.339197
0.423533
0.536051
0.685167
0.881001
1.14388
1.49356
1.93783
2.48817
3.14919
3.91437
4.76187
5.65204
6.52784
7.31955
7.95364
8.3646
8.507
8.3646
7.95364
7.31955
6.52784
5.65204
4.76187
3.91437
3.14919
2.48817
1.93783
1.49356
1.14388
0.874216
0.669541
0.51604
0.401902
0.317542
0.255469
0.210001
0.176927
0.15319
0.13662
0.125729
0.119552
0.11755
0.119552
0.125729
0.13662
0.15319
0.176927
0.210001
0.255469
0.317542
0.401902
0.51604
0.669541
0.874216
1.15032
1.51878
1.99209
2.58466
3.30364
4.14379
5.08238
6.07575
7.05953
7.95364
8.67268
9.13999
9.30215
9.13999
8.67268
7.95364
7.05953
6.07575
5.08238
4.14379
3.30364
2.58466
1.99209
1.51878
1.15032
0.869325
0.658424
0.501986
0.386899
0.302696
0.241325
0.196758
0.164589
0.141652
0.125729
0.115305
0.109409
0.107502
0.109409
0.115305
0.125729
0.141652
0.164589
0.196758
0.241325
0.302696
0.386899
0.501986
0.658424
0.869325
1.15424
1.53428
2.02572
2.64498
3.40096
4.28941
5.28714
6.34801
7.40281
8.3646
9.13999
9.64476
9.82007
9.64476
9.13999
8.3646
7.40281
6.34801
5.28714
4.28941
3.40096
2.64498
2.02572
1.53428
1.15424
0.866372
0.651773
0.493651
0.378075
0.294035
0.233132
0.189138
0.15753
0.135084
0.119552
0.109409
0.103683
0.101832
0.103683
0.109409
0.119552
0.135084
0.15753
0.189138
0.233132
0.294035
0.378075
0.493651
0.651773
0.866372
1.15555
1.53951
2.03712
2.6655
3.43421
4.33934
5.35758
6.44194
7.52154
8.507
9.30215
9.82007
10
9.82007
9.30215
8.507
7.52154
6.44194
5.35758
4.33934
3.43421
2.6655
2.03712
1.53951
1.15555
0.865385
0.649559
0.490889
0.375164
0.291188
0.23045
0.186651
0.155233
0.132952
0.11755
0.107502
0.101832
0.1
0.101832
0.107502
0.11755
0.132952
0.155233
0.186651
0.23045
0.291188
0.375164
0.490889
0.649559
0.865385
1.15424
1.53428
2.02572
2.64498
3.40096
4.28941
5.28714
6.34801
7.40281
8.3646
9.13999
9.64476
9.82007
9.64476
9.13999
8.3646
7.40281
6.34801
5.28714
4.28941
3.40096
2.64498
2.02572
1.53428
1.15424
0.866372
0.651773
0.493651
0.378075
0.294035
0.233132
0.189138
0.15753
0.135084
0.119552
0.109409
0.103683
0.101832
0.103683
0.109409
0.119552
0.135084
0.15753
0.189138
0.233132
0.294035
0.378075
0.493651
0.651773
0.866372
1.15032
1.51878
1.99209
2.58466
3.30364
4.14379
5.08238
6.07575
7.05953
7.95364
8.67268
9.13999
9.30215
9.13999
8.67268
7.95364
7.05953
6.07575
5.08238
4.14379
3.30364
2.58466
1.99209
1.51878
1.15032
0.869325
0.658424
0.501986
0.386899
0.302696
0.241325
0.196758
0.164589
0.141652
0.125729
0.115305
0.109409
0.107502
0.109409
0.115305
0.125729
0.141652
0.164589
0.196758
0.241325
0.302696
0.386899
0.501986
0.658424
0.869325
1.14388
1.49356
1.93783
2.48817
3.14919
3.91437
4.76187
5.65204
6.52784
7.31955
7.95364
8.3646
8.507
8.3646
7.95364
7.31955
6.52784
5.65204
4.76187
3.91437
3.14919
2.48817
1.93783
1.49356
1.14388
0.874216
0.669541
0.51604
0.401902
0.317542
0.255469
0.210001
0.176927
0.15319
0.13662
0.125729
0.119552
0.11755
0.119552
0.125729
0.13662
0.15319
0.176927
0.210001
0.255469
0.317542
0.401902
0.51604
0.669541
0.874216
1.13507
1.4595
1.86549
2.36109
2.94814
3.61892
4.35311
5.11619
5.86021
6.52784
7.05953
7.40281
7.52154
7.40281
7.05953
6.52784
5.86021
5.11619
4.35311
3.61892
2.94814
2.36109
1.86549
1.4595
1.13507
0.881001
0.685167
0.536051
0.423533
0.339197
0.276326
0.229721
0.195458
0.170642
0.15319
0.141652
0.135084
0.132952
0.135084
0.141652
0.15319
0.170642
0.195458
0.229721
0.276326
0.339197
0.423533
0.536051
0.685167
0.881001
1.12408
1.41773
1.77828
2.21036
2.71327
3.27859
3.88819
4.51345
5.11619
5.65204
6.07575
6.34801
6.44194
6.34801
6.07575
5.65204
5.11619
4.51345
3.88819
3.27859
2.71327
2.21036
1.77828
1.41773
1.12408
0.889614
0.705351
0.562341
0.452415
0.368559
0.305009
0.257189
0.22156
0.195458
0.176927
0.164589
0.15753
0.155233
0.15753
0.164589
0.176927
0.195458
0.22156
0.257189
0.305009
0.368559
0.452415
0.562341
0.705351
0.889614
1.11115
1.3696
1.67982
2.04352
2.45811
2.91516
3.39935
3.88819
4.35311
4.76187
5.08238
5.28714
5.35758
5.28714
5.08238
4.76187
4.35311
3.88819
3.39935
2.91516
2.45811
2.04352
1.67982
1.3696
1.11115
0.899969
0.730138
0.595301
0.489351
0.406817
0.343035
0.294174
0.257189
0.229721
0.210001
0.196758
0.189138
0.186651
0.189138
0.196758
0.210001
0.229721
0.257189
0.294174
0.343035
0.406817
0.489351
0.595301
0.730138
0.899969
1.09654
1.31656
1.57389
1.86811
2.19558
2.54864
2.91516
3.27859
3.61892
3.91437
4.14379
4.28941
4.33934
4.28941
4.14379
3.91437
3.61892
3.27859
2.91516
2.54864
2.19558
1.86811
1.57389
1.31656
1.09654
0.91196
0.759554
0.635368
0.535301
0.455461
0.392365
0.343035
0.305009
0.276326
0.255469
0.241325
0.233132
0.23045
0.233132
0.241325
0.255469
0.276326
0.305009
0.343035
0.392365
0.455461
0.535301
0.635368
0.759554
0.91196
1.08055
1.2601
1.46413
1.691
1.93691
2.19558
2.45811
2.71327
2.94814
3.14919
3.30364
3.40096
3.43421
3.40096
3.30364
3.14919
2.94814
2.71327
2.45811
2.19558
1.93691
1.691
1.46413
1.2601
1.08055
0.925455
0.79359
0.683
0.591366
0.516285
0.455461
0.406817
0.368559
0.339197
0.317542
0.302696
0.294035
0.291188
0.294035
0.302696
0.317542
0.339197
0.368559
0.406817
0.455461
0.516285
0.591366
0.683
0.79359
0.925455
1.06349
1.20166
1.35386
1.51806
1.691
1.86811
2.04352
2.21036
2.36109
2.48817
2.58466
2.64498
2.6655
2.64498
2.58466
2.48817
2.36109
2.21036
2.04352
1.86811
1.691
1.51806
1.35386
1.20166
1.06349
0.940297
0.832179
0.73863
0.658737
0.591366
0.535301
0.489351
0.452415
0.423533
0.401902
0.386899
0.378075
0.375164
0.378075
0.386899
0.401902
0.423533
0.452415
0.489351
0.535301
0.591366
0.658737
0.73863
0.832179
0.940297
1.04569
1.14263
1.24592
1.35386
1.46413
1.57389
1.67982
1.77828
1.86549
1.93783
1.99209
2.02572
2.03712
2.02572
1.99209
1.93783
1.86549
1.77828
1.67982
1.57389
1.46413
1.35386
1.24592
1.14263
1.04569
0.956306
0.875177
0.802617
0.73863
0.683
0.635368
0.595301
0.562341
0.536051
0.51604
0.501986
0.493651
0.490889
0.493651
0.501986
0.51604
0.536051
0.562341
0.595301
0.635368
0.683
0.73863
0.802617
0.875177
0.956306
1.02746
1.08421
1.14263
1.20166
1.2601
1.31656
1.3696
1.41773
1.4595
1.49356
1.51878
1.53428
1.53951
1.53428
1.51878
1.49356
1.4595
1.41773
1.3696
1.31656
1.2601
1.20166
1.14263
1.08421
1.02746
0.973272
0.922334
0.875177
0.832179
0.79359
0.759554
0.730138
0.705351
0.685167
0.669541
0.658424
0.651773
0.649559
0.651773
0.658424
0.669541
0.685167
0.705351
0.730138
0.759554
0.79359
0.832179
0.875177
0.922334
0.973272
1.00912
1.02746
1.04569
1.06349
1.08055
1.09654
1.11115
1.12408
1.13507
1.14388
1.15032
1.15424
1.15555
1.15424
1.15032
1.14388
1.13507
1.12408
1.11115
1.09654
1.08055
1.06349
1.04569
1.02746
1.00912
0.990963
0.973272
0.956306
0.940297
0.925455
0.91196
0.899969
0.889614
0.881001
0.874216
0.869325
0.866372
0.865385
0.866372
0.869325
0.874216
0.881001
0.889614
0.899969
0.91196
0.925455
0.940297
0.956306
0.973272
0.990963
0.990963
0.973272
0.956306
0.940297
0.925455
0.91196
0.899969
0.889614
0.881001
0.874216
0.869325
0.866372
0.865385
0.866372
0.869325
0.874216
0.881001
0.889614
0.899969
0.91196
0.925455
0.940297
0.956306
0.973272
0.990963
1.00912
1.02746
1.04569
1.06349
1.08055
1.09654
1.11115
1.12408
1.13507
1.14388
1.15032
1.15424
1.15555
1.15424
1.15032
1.14388
1.13507
1.12408
1.11115
1.09654
1.08055
1.06349
1.04569
1.02746
1.00912
0.973272
0.922334
0.875177
0.832179
0.79359
0.759554
0.730138
0.705351
0.685167
0.669541
0.658424
0.651773
0.649559
0.651773
0.658424
0.669541
0.685167
0.705351
0.730138
0.759554
0.79359
0.832179
0.875177
0.922334
0.973272
1.02746
1.08421
1.14263
1.20166
1.2601
1.31656
1.3696
1.41773
1.4595
1.49356
1.51878
1.53428
1.53951
1.53428
1.51878
1.49356
1.4595
1.41773
1.3696
1.31656
1.2601
1.20166
1.14263
1.08421
1.02746
0.956306
0.875177
0.802617
0.73863
0.683
0.635368
0.595301
0.562341
0.536051
0.51604
0.501986
0.493651
0.490889
0.493651
0.501986
0.51604
0.536051
0.562341
0.595301
0.635368
0.683
0.73863
0.802617
0.875177
0.956306
1.04569
1.14263
1.24592
1.35386
1.46413
1.57389
1.67982
1.77828
1.86549
1.93783
1.99209
2.02572
2.03712
2.02572
1.99209
1.93783
1.86549
1.77828
1.67982
1.57389
1.46413
1.35386
1.24592
1.14263
1.04569
0.940297
0.832179
0.73863
0.658737
0.591366
0.535301
0.489351
0.452415
0.423533
0.401902
0.386899
0.378075
0.375164
0.378075
0.386899
0.401902
0.423533
0.452415
0.489351
0.535301
0.591366
0.658737
0.73863
0.832179
0.940297
1.06349
1.20166
1.35386
1.51806
1.691
1.86811
2.04352
2.21036
2.36109
2.48817
2.58466
2.64498
2.6655
2.64498
2.58466
2.48817
2.36109
2.21036
2.04352
1.86811
1.691
1.51806
1.35386
1.20166
1.06349
0.925455
0.79359
0.683
0.591366
0.516285
0.455461
0.406817
0.368559
0.339197
0.317542
0.302696
0.294035
0.291188
0.294035
0.302696
0.317542
0.339197
0.368559
0.406817
0.455461
0.516285
0.591366
0.683
0.79359
0.925455
1.08055
1.2601
1.46413
1.691
1.93691
2.19558
2.45811
2.71327
2.94814
3.14919
3.30364
3.40096
3.43421
3.40096
3.30364
3.14919
2.94814
2.71327
2.45811
2.19558
1.93691
1.691
1.46413
1.2601
1.08055
0.91196
0.759554
0.635368
0.535301
0.455461
0.392365
0.343035
0.305009
0.276326
0.255469
0.241325
0.233132
0.23045
0.233132
0.241325
0.255469
0.276326
0.305009
0.343035
0.392365
0.455461
0.535301
0.635368
0.759554
0.91196
1.09654
1.31656
1.57389
1.86811
2.19558
2.54864
2.91516
3.27859
3.61892
3.91437
4.14379
4.28941
4.33934
4.28941
4.14379
3.91437
3.61892
3.27859
2.91516
2.54864
2.19558
1.86811
1.57389
1.31656
1.09654
0.899969
0.730138
0.595301
0.489351
0.406817
0.343035
0.294174
0.257189
0.229721
0.210001
0.196758
0.189138
0.186651
0.189138
0.196758
0.210001
0.229721
0.257189
0.294174
0.343035
0.406817
0.489351
0.595301
0.730138
0.899969
1.11115
1.3696
1.67982
2.04352
2.45811
2.91516
3.39935
3.88819
4.35311
4.76187
5.08238
5.28714
5.35758
5.28714
5.08238
4.76187
4.35311
3.88819
3.39935
2.91516
2.45811
2.04352
1.67982
1.3696
1.11115
0.889614
0.705351
0.562341
0.452415
0.368559
0.305009
0.257189
0.22156
0.195458
0.176927
0.164589
0.15753
0.155233
0.15753
0.164589
0.176927
0.195458
0.22156
0.257189
0.305009
0.368559
0.452415
0.562341
0.705351
0.889614
1.12408
1.41773
1.77828
2.21036
2.71327
3.27859
3.88819
4.51345
5.11619
5.65204
6.07575
6.34801
6.44194
6.34801
6.07575
5.65204
5.11619
4.51345
3.88819
3.27859
2.71327
2.21036
1.77828
1.41773
1.12408
0.881001
0.685167
0.536051
0.423533
0.339197
0.276326
0.229721
0.195458
0.170642
0.15319
0.141652
0.135084
0.132952
0.135084
0.141652
0.15319
0.170642
0.195458
0.229721
0.276326
0.339197
0.423533
0.536051
0.685167
0.881001
1.13507
1.4595
1.86549
2.36109
2.94814
3.61892
4.35311
5.11619
5.86021
6.52784
7.05953
7.40281
7.52154
7.40281
7.05953
6.52784
5.86021
5.11619
4.35311
3.61892
2.94814
2.36109
1.86549
1.4595
1.13507
0.874216
0.669541
0.51604
0.401902
0.317542
0.255469
0.210001
0.176927
0.15319
0.13662
0.125729
0.119552
0.11755
0.119552
0.125729
0.13662
0.15319
0.176927
0.210001
0.255469
0.317542
0.401902
0.51604
0.669541
0.874216
1.14388
1.49356
1.93783
2.48817
3.14919
3.91437
4.76187
5.65204
6.52784
7.31955
7.95364
8.3646
8.507
8.3646
7.95364
7.31955
6.52784
5.65204
4.76187
3.91437
3.14919
2.48817
1.93783
1.49356
1.14388
0.869325
0.658424
0.501986
0.386899
0.302696
0.241325
0.196758
0.164589
0.141652
0.125729
0.115305
0.109409
0.107502
0.109409
0.115305
0.125729
0.141652
0.164589
0.196758
0.241325
0.302696
0.386899
0.501986
0.658424
0.869325
1.15032
1.51878
1.99209
2.58466
3.30364
4.14379
5.08238
6.07575
7.05953
7.95364
8.67268
9.13999
9.30215
9.13999
8.67268
7.95364
7.05953
6.07575
5.08238
4.14379
3.30364
2.58466
1.99209
1.51878
1.15032
0.866372
0.651773
0.493651
0.378075
0.294035
0.233132
0.189138
0.15753
0.135084
0.119552
0.109409
0.103683
0.101832
0.103683
0.109409
0.119552
0.135084
0.15753
0.189138
0.233132
0.294035
0.378075
0.493651
0.651773
0.866372
1.15424
1.53428
2.02572
2.64498
3.40096
4.28941
5.28714
6.34801
7.40281
8.3646
9.13999
9.64476
9.82007
9.64476
9.13999
8.3646
7.40281
6.34801
5.28714
4.28941
3.40096
2.64498
2.02572
1.53428
1.15424
0.865385
0.649559
0.490889
0.375164
0.291188
0.23045
0.186651
0.155233
0.132952
0.11755
0.107502
0.101832
0.1
0.101832
0.107502
0.11755
0.132952
0.155233
0.186651
0.23045
0.291188
0.375164
0.490889
0.649559
0.865385
1.15555
1.53951
2.03712
2.6655
3.43421
4.33934
5.35758
6.44194
7.52154
8.507
9.30215
9.82007
10
9.82007
9.30215
8.507
7.52154
6.44194
5.35758
4.33934
3.43421
2.6655
2.03712
1.53951
1.15555
0.866372
0.651773
0.493651
0.378075
0.294035
0.233132
0.189138
0.15753
0.135084
0.119552
0.109409
0.103683
0.101832
0.103683
0.109409
0.119552
0.135084
0.15753
0.189138
0.233132
0.294035
0.378075
0.493651
0.651773
0.866372
1.15424
1.53428
2.02572
2.64498
3.40096
4.28941
5.28714
6.34801
7.40281
8.3646
9.13999
9.64476
9.82007
9.64476
9.13999
8.3646
7.40281
6.34801
5.28714
4.28941
3.40096
2.64498
2.02572
1.53428
1.15424
0.869325
0.658424
0.501986
0.386899
0.302696
0.241325
0.196758
0.164589
0.141652
0.125729
0.115305
0.109409
0.107502
0.109409
0.115305
0.125729
0.141652
0.164589
0.196758
0.241325
0.302696
0.386899
0.501986
0.658424
0.869325
1.15032
1.51878
1.99209
2.58466
3.30364
4.14379
5.08238
6.07575
7.05953
7.95364
8.67268
9.13999
9.30215
9.13999
8.67268
7.95364
7.05953
6.07575
5.08238
4.14379
3.30364
2.58466
1.99209
1.51878
1.15032
0.874216
0.669541
0.51604
0.401902
0.317542
0.255469
0.210001
0.176927
0.15319
0.13662
0.125729
0.119552
0.11755
0.119552
0.125729
0.13662
0.15319
0.176927
0.210001
0.255469
0.317542
0.401902
0.51604
0.669541
0.874216
1.14388
1.49356
1.93783
2.48817
3.14919
3.91437
4.76187
5.65204
6.52784
7.31955
7.95364
8.3646
8.507
8.3646
7.95364
7.31955
6.52784
5.65204
4.76187
3.91437
3.14919
2.48817
1.93783
1.49356
1.14388
0.881001
0.685167
0.536051
0.423533
0.339197
0.276326
0.229721
0.195458
0.170642
0.15319
0.141652
0.135084
0.132952
0.135084
0.141652
0.15319
0.170642
0.195458
0.229721
0.276326
0.339197
0.423533
0.536051
0.685167
0.881001
1.13507
1.4595
1.86549
2.36109
2.94814
3.61892
4.35311
5.11619
5.86021
6.52784
7.05953
7.40281
7.52154
7.40281
7.05953
6.52784
5.86021
5.11619
4.35311
3.61892
2.94814
2.36109
1.86549
1.4595
1.13507
0.889614
0.705351
0.562341
0.452415
0.368559
0.305009
0.257189
0.22156
0.195458
0.176927
0.164589
0.15753
0.155233
0.15753
0.164589
0.176927
0.195458
0.22156
0.257189
0.305009
0.368559
0.452415
0.562341
0.705351
0.889614
1.12408
1.41773
1.77828
2.21036
2.71327
3.27859
3.88819
4.51345
5.11619
5.65204
6.07575
6.34801
6.44194
6.34801
6.07575
5.65204
5.11619
4.51345
3.88819
3.27859
2.71327
2.21036
1.77828
1.41773
1.12408
0.899969
0.730138
0.595301
0.489351
0.406817
0.343035
0.294174
0.257189
0.229721
0.210001
0.196758
0.189138
0.186651
0.189138
0.196758
0.210001
0.229721
0.257189
0.294174
0.343035
0.406817
0.489351
0.595301
0.730138
0.899969
1.11115
1.3696
1.67982
2.04352
2.45811
2.91516
3.39935
3.88819
4.35311
4.76187
5.08238
5.28714
5.35758
5.28714
5.08238
4.76187
4.35311
3.88819
3.39935
2.91516
2.45811
2.04352
1.67982
1.3696
1.11115
0.91196
0.759554
0.635368
0.535301
0.455461
0.392365
0.343035
0.305009
0.276326
0.255469
0.241325
0.233132
0.23045
0.233132
0.241325
0.255469
0.276326
0.305009
0.343035
0.392365
0.455461
0.535301
0.635368
0.759554
0.91196
1.09654
1.31656
1.57389
1.86811
2.19558
2.54864
2.91516
3.27859
3.61892
3.91437
4.14379
4.28941
4.33934
4.28941
4.14379
3.91437
3.61892
3.27859
2.91516
2.54864
2.19558
1.86811
1.57389
1.31656
1.09654
0.925455
0.79359
0.683
0.591366
0.516285
0.455461
0.406817
0.368559
0.339197
0.317542
0.302696
0.294035
0.291188
0.294035
0.302696
0.317542
0.339197
0.368559
0.406817
0.455461
0.516285
0.591366
0.683
0.79359
0.925455
1.08055
1.2601
1.46413
1.691
1.93691
2.19558
2.45811
2.71327
2.94814
3.14919
3.30364
3.40096
3.43421
3.40096
3.30364
3.14919
2.94814
2.71327
2.45811
2.19558
1.93691
1.691
1.46413
1.2601
1.08055
0.940297
0.832179
0.73863
0.658737
0.591366
0.535301
0.489351
0.452415
0.423533
0.401902
0.386899
0.378075
0.375164
0.378075
0.386899
0.401902
0.423533
0.452415
0.489351
0.535301
0.591366
0.658737
0.73863
0.832179
0.940297
1.06349
1.20166
1.35386
1.51806
1.691
1.86811
2.04352
2.21036
2.36109
2.48817
2.58466
2.64498
2.6655
2.64498
2.58466
2.48817
2.36109
2.21036
2.04352
1.86811
1.691
1.51806
1.35386
1.20166
1.06349
0.956306
0.875177
0.802617
0.73863
0.683
0.635368
0.595301
0.562341
0.536051
0.51604
0.501986
0.493651
0.490889
0.493651
0.501986
0.51604
0.536051
0.562341
0.595301
0.635368
0.683
0.73863
0.802617
0.875177
0.956306
1.04569
1.14263
1.24592
1.35386
1.46413
1.57389
1.67982
1.77828
1.86549
1.93783
1.99209
2.02572
2.03712
2.02572
1.99209
1.93783
1.86549
1.77828
1.67982
1.57389
1.46413
1.35386
1.24592
1.14263
1.04569
0.973272
0.922334
0.875177
0.832179
0.79359
0.759554
0.730138
0.705351
0.685167
0.669541
0.658424
0.651773
0.649559
0.651773
0.658424
0.669541
0.685167
0.705351
0.730138
0.759554
0.79359
0.832179
0.875177
0.922334
0.973272
1.02746
1.08421
1.14263
1.20166
1.2601
1.31656
1.3696
1.41773
1.4595
1.49356
1.51878
1.53428
1.53951
1.53428
1.51878
1.49356
1.4595
1.41773
1.3696
1.31656
1.2601
1.20166
1.14263
1.08421
1.02746
0.990963
0.973272
0.956306
0.940297
0.925455
0.91196
0.899969
0.889614
0.881001
0.874216
0.869325
0.866372
0.865385
0.866372
0.869325
0.874216
0.881001
0.889614
0.899969
0.91196
0.925455
0.940297
0.956306
0.973272
0.990963
1.00912
1.02746
1.04569
1.06349
1.08055
1.09654
1.11115
1.12408
1.13507
1.14388
1.15032
1.15424
1.15555
1.15424
1.15032
1.14388
1.13507
1.12408
1.11115
1.09654
1.08055
1.06349
1.04569
1.02746
1.00912
)
;

boundaryField
{
    left
    {
        type            fixedValue;
        value           uniform 1;
    }
    right
    {
        type            fixedValue;
        value           uniform 1;
    }
    bottom
    {
        type            fixedValue;
        value           uniform 1;
    }
    top
    {
        type            fixedValue;
        value           uniform 1;
    }
    frontAndBack
    {
        type            empty;
    }
}


// ************************************************************************* //
