/*--------------------------------*- C++ -*----------------------------------*\
  =========                 |
  \\      /  F ield         | OpenFOAM: The Open Source CFD Toolbox
   \\    /   O peration     | Website:  https://openfoam.org
    \\  /    A nd           | Version:  8
     \\/     M anipulation  |
\*---------------------------------------------------------------------------*/
FoamFile
{
    version     2.0;
    format      ascii;
    class       volScalarField;
    location    "1";
    object      mvv;
}
// * * * * * * * * * * * * * * * * * * * * * * * * * * * * * * * * * * * * * //

dimensions      [0 2 0 0 0 0 0];

internalField   nonuniform List<scalar> 
2500
(
9.90963
9.5576
8.89569
7.99911
6.96084
5.8748
4.82166
3.86034
3.02554
2.33023
1.77092
1.33379
1
0.749746
0.564678
0.429143
0.330519
0.259045
0.207398
0.170219
0.143661
0.125014
0.112414
0.104629
0.100912
0.100912
0.104629
0.112414
0.125014
0.143661
0.170219
0.207398
0.259045
0.330519
0.429143
0.564678
0.749746
1
1.33379
1.77092
2.33023
3.02554
3.86034
4.82166
5.8748
6.96084
7.99911
8.89569
9.5576
9.90963
9.5576
9.22334
8.5943
7.74105
6.75107
5.71301
4.70351
3.77897
2.97318
2.29934
1.75503
1.32774
1
0.753159
0.56979
0.434907
0.336341
0.264622
0.212607
0.175039
0.148125
0.129181
0.116356
0.108421
0.104629
0.104629
0.108421
0.116356
0.129181
0.148125
0.175039
0.212607
0.264622
0.336341
0.434907
0.56979
0.753159
1
1.32774
1.75503
2.29934
2.97318
3.77897
4.70351
5.71301
6.75107
7.74105
8.5943
9.22334
9.5576
8.89569
8.5943
8.02617
7.2534
6.35336
5.40507
4.47758
3.62257
2.87194
2.23927
1.72392
1.31583
1
0.759978
0.580072
0.446573
0.348197
0.276047
0.223335
0.185011
0.157397
0.137866
0.124592
0.116356
0.112414
0.112414
0.116356
0.124592
0.137866
0.157397
0.185011
0.223335
0.276047
0.348197
0.446573
0.580072
0.759978
1
1.31583
1.72392
2.23927
2.87194
3.62257
4.47758
5.40507
6.35336
7.2534
8.02617
8.5943
8.89569
7.99911
7.74105
7.2534
6.58737
5.80725
4.97945
4.16291
3.40286
2.72837
2.15322
1.67889
1.29839
1
0.770185
0.595633
0.46442
0.366519
0.293871
0.240217
0.200825
0.172198
0.151806
0.137866
0.129181
0.125014
0.125014
0.129181
0.137866
0.151806
0.172198
0.200825
0.240217
0.293871
0.366519
0.46442
0.595633
0.770185
1
1.29839
1.67889
2.15322
2.72837
3.40286
4.16291
4.97945
5.80725
6.58737
7.2534
7.74105
7.99911
6.96084
6.75107
6.35336
5.80725
5.16285
4.47266
3.78427
3.13533
2.55128
2.04559
1.62172
1.27592
1
0.78375
0.616629
0.488857
0.39196
0.318946
0.264252
0.223581
0.193691
0.172198
0.157397
0.148125
0.143661
0.143661
0.148125
0.157397
0.172198
0.193691
0.223581
0.264252
0.318946
0.39196
0.488857
0.616629
0.78375
1
1.27592
1.62172
2.04559
2.55128
3.13533
3.78427
4.47266
5.16285
5.80725
6.35336
6.75107
6.96084
5.8748
5.71301
5.40507
4.97945
4.47266
3.92365
3.36862
2.83724
2.3507
1.92152
1.5546
1.24902
1
0.800625
0.643252
0.520421
0.425405
0.352455
0.296857
0.254864
0.223581
0.200825
0.185011
0.175039
0.170219
0.170219
0.175039
0.185011
0.200825
0.223581
0.254864
0.296857
0.352455
0.425405
0.520421
0.643252
0.800625
1
1.24902
1.5546
1.92152
2.3507
2.83724
3.36862
3.92365
4.47266
4.97945
5.40507
5.71301
5.8748
4.82166
4.70351
4.47758
4.16291
3.78427
3.36862
2.94174
2.52561
2.13689
1.78648
1.47993
1.21842
1
0.820736
0.67571
0.559759
0.467969
0.395944
0.339935
0.296857
0.264252
0.240217
0.223335
0.212607
0.207398
0.207398
0.212607
0.223335
0.240217
0.264252
0.296857
0.339935
0.395944
0.467969
0.559759
0.67571
0.820736
1
1.21842
1.47993
1.78648
2.13689
2.52561
2.94174
3.36862
3.78427
4.16291
4.47758
4.70351
4.82166
3.86034
3.77897
3.62257
3.40286
3.13533
2.83724
2.52561
2.2156
1.91941
1.6458
1.40016
1.18487
1
0.843978
0.714206
0.607606
0.520993
0.451345
0.395944
0.352455
0.318946
0.293871
0.276047
0.264622
0.259045
0.259045
0.264622
0.276047
0.293871
0.318946
0.352455
0.395944
0.451345
0.520993
0.607606
0.714206
0.843978
1
1.18487
1.40016
1.6458
1.91941
2.2156
2.52561
2.83724
3.13533
3.40286
3.62257
3.77897
3.86034
3.02554
2.97318
2.87194
2.72837
2.55128
2.3507
2.13689
1.91941
1.70642
1.50434
1.31767
1.14916
1
0.870202
0.758914
0.664744
0.586021
0.520993
0.467969
0.425405
0.39196
0.366519
0.348197
0.336341
0.330519
0.330519
0.336341
0.348197
0.366519
0.39196
0.425405
0.467969
0.520993
0.586021
0.664744
0.758914
0.870202
1
1.14916
1.31767
1.50434
1.70642
1.91941
2.13689
2.3507
2.55128
2.72837
2.87194
2.97318
3.02554
2.33023
2.29934
2.23927
2.15322
2.04559
1.92152
1.78648
1.6458
1.50434
1.3662
1.23466
1.11209
1
0.899211
0.809937
0.731955
0.664744
0.607606
0.559759
0.520421
0.488857
0.46442
0.446573
0.434907
0.429143
0.429143
0.434907
0.446573
0.46442
0.488857
0.520421
0.559759
0.607606
0.664744
0.731955
0.809937
0.899211
1
1.11209
1.23466
1.3662
1.50434
1.6458
1.78648
1.92152
2.04559
2.15322
2.23927
2.29934
2.33023
1.77092
1.75503
1.72392
1.67889
1.62172
1.5546
1.47993
1.40016
1.31767
1.23466
1.15305
1.07441
1
0.930745
0.867268
0.809937
0.758914
0.714206
0.67571
0.643252
0.616629
0.595633
0.580072
0.56979
0.564678
0.564678
0.56979
0.580072
0.595633
0.616629
0.643252
0.67571
0.714206
0.758914
0.809937
0.867268
0.930745
1
1.07441
1.15305
1.23466
1.31767
1.40016
1.47993
1.5546
1.62172
1.67889
1.72392
1.75503
1.77092
1.33379
1.32774
1.31583
1.29839
1.27592
1.24902
1.21842
1.18487
1.14916
1.11209
1.07441
1.03683
1
0.964476
0.930745
0.899211
0.870202
0.843978
0.820736
0.800625
0.78375
0.770185
0.759978
0.753159
0.749746
0.749746
0.753159
0.759978
0.770185
0.78375
0.800625
0.820736
0.843978
0.870202
0.899211
0.930745
0.964476
1
1.03683
1.07441
1.11209
1.14916
1.18487
1.21842
1.24902
1.27592
1.29839
1.31583
1.32774
1.33379
1
1
1
1
1
1
1
1
1
1
1
1
1
1
1
1
1
1
1
1
1
1
1
1
1
1
1
1
1
1
1
1
1
1
1
1
1
1
1
1
1
1
1
1
1
1
1
1
1
1
0.749746
0.753159
0.759978
0.770185
0.78375
0.800625
0.820736
0.843978
0.870202
0.899211
0.930745
0.964476
1
1.03683
1.07441
1.11209
1.14916
1.18487
1.21842
1.24902
1.27592
1.29839
1.31583
1.32774
1.33379
1.33379
1.32774
1.31583
1.29839
1.27592
1.24902
1.21842
1.18487
1.14916
1.11209
1.07441
1.03683
1
0.964476
0.930745
0.899211
0.870202
0.843978
0.820736
0.800625
0.78375
0.770185
0.759978
0.753159
0.749746
0.564678
0.56979
0.580072
0.595633
0.616629
0.643252
0.67571
0.714206
0.758914
0.809937
0.867268
0.930745
1
1.07441
1.15305
1.23466
1.31767
1.40016
1.47993
1.5546
1.62172
1.67889
1.72392
1.75503
1.77092
1.77092
1.75503
1.72392
1.67889
1.62172
1.5546
1.47993
1.40016
1.31767
1.23466
1.15305
1.07441
1
0.930745
0.867268
0.809937
0.758914
0.714206
0.67571
0.643252
0.616629
0.595633
0.580072
0.56979
0.564678
0.429143
0.434907
0.446573
0.46442
0.488857
0.520421
0.559759
0.607606
0.664744
0.731955
0.809937
0.899211
1
1.11209
1.23466
1.3662
1.50434
1.6458
1.78648
1.92152
2.04559
2.15322
2.23927
2.29934
2.33023
2.33023
2.29934
2.23927
2.15322
2.04559
1.92152
1.78648
1.6458
1.50434
1.3662
1.23466
1.11209
1
0.899211
0.809937
0.731955
0.664744
0.607606
0.559759
0.520421
0.488857
0.46442
0.446573
0.434907
0.429143
0.330519
0.336341
0.348197
0.366519
0.39196
0.425405
0.467969
0.520993
0.586021
0.664744
0.758914
0.870202
1
1.14916
1.31767
1.50434
1.70642
1.91941
2.13689
2.3507
2.55128
2.72837
2.87194
2.97318
3.02554
3.02554
2.97318
2.87194
2.72837
2.55128
2.3507
2.13689
1.91941
1.70642
1.50434
1.31767
1.14916
1
0.870202
0.758914
0.664744
0.586021
0.520993
0.467969
0.425405
0.39196
0.366519
0.348197
0.336341
0.330519
0.259045
0.264622
0.276047
0.293871
0.318946
0.352455
0.395944
0.451345
0.520993
0.607606
0.714206
0.843978
1
1.18487
1.40016
1.6458
1.91941
2.2156
2.52561
2.83724
3.13533
3.40286
3.62257
3.77897
3.86034
3.86034
3.77897
3.62257
3.40286
3.13533
2.83724
2.52561
2.2156
1.91941
1.6458
1.40016
1.18487
1
0.843978
0.714206
0.607606
0.520993
0.451345
0.395944
0.352455
0.318946
0.293871
0.276047
0.264622
0.259045
0.207398
0.212607
0.223335
0.240217
0.264252
0.296857
0.339935
0.395944
0.467969
0.559759
0.67571
0.820736
1
1.21842
1.47993
1.78648
2.13689
2.52561
2.94174
3.36862
3.78427
4.16291
4.47758
4.70351
4.82166
4.82166
4.70351
4.47758
4.16291
3.78427
3.36862
2.94174
2.52561
2.13689
1.78648
1.47993
1.21842
1
0.820736
0.67571
0.559759
0.467969
0.395944
0.339935
0.296857
0.264252
0.240217
0.223335
0.212607
0.207398
0.170219
0.175039
0.185011
0.200825
0.223581
0.254864
0.296857
0.352455
0.425405
0.520421
0.643252
0.800625
1
1.24902
1.5546
1.92152
2.3507
2.83724
3.36862
3.92365
4.47266
4.97945
5.40507
5.71301
5.8748
5.8748
5.71301
5.40507
4.97945
4.47266
3.92365
3.36862
2.83724
2.3507
1.92152
1.5546
1.24902
1
0.800625
0.643252
0.520421
0.425405
0.352455
0.296857
0.254864
0.223581
0.200825
0.185011
0.175039
0.170219
0.143661
0.148125
0.157397
0.172198
0.193691
0.223581
0.264252
0.318946
0.39196
0.488857
0.616629
0.78375
1
1.27592
1.62172
2.04559
2.55128
3.13533
3.78427
4.47266
5.16285
5.80725
6.35336
6.75107
6.96084
6.96084
6.75107
6.35336
5.80725
5.16285
4.47266
3.78427
3.13533
2.55128
2.04559
1.62172
1.27592
1
0.78375
0.616629
0.488857
0.39196
0.318946
0.264252
0.223581
0.193691
0.172198
0.157397
0.148125
0.143661
0.125014
0.129181
0.137866
0.151806
0.172198
0.200825
0.240217
0.293871
0.366519
0.46442
0.595633
0.770185
1
1.29839
1.67889
2.15322
2.72837
3.40286
4.16291
4.97945
5.80725
6.58737
7.2534
7.74105
7.99911
7.99911
7.74105
7.2534
6.58737
5.80725
4.97945
4.16291
3.40286
2.72837
2.15322
1.67889
1.29839
1
0.770185
0.595633
0.46442
0.366519
0.293871
0.240217
0.200825
0.172198
0.151806
0.137866
0.129181
0.125014
0.112414
0.116356
0.124592
0.137866
0.157397
0.185011
0.223335
0.276047
0.348197
0.446573
0.580072
0.759978
1
1.31583
1.72392
2.23927
2.87194
3.62257
4.47758
5.40507
6.35336
7.2534
8.02617
8.5943
8.89569
8.89569
8.5943
8.02617
7.2534
6.35336
5.40507
4.47758
3.62257
2.87194
2.23927
1.72392
1.31583
1
0.759978
0.580072
0.446573
0.348197
0.276047
0.223335
0.185011
0.157397
0.137866
0.124592
0.116356
0.112414
0.104629
0.108421
0.116356
0.129181
0.148125
0.175039
0.212607
0.264622
0.336341
0.434907
0.56979
0.753159
1
1.32774
1.75503
2.29934
2.97318
3.77897
4.70351
5.71301
6.75107
7.74105
8.5943
9.22334
9.5576
9.5576
9.22334
8.5943
7.74105
6.75107
5.71301
4.70351
3.77897
2.97318
2.29934
1.75503
1.32774
1
0.753159
0.56979
0.434907
0.336341
0.264622
0.212607
0.175039
0.148125
0.129181
0.116356
0.108421
0.104629
0.100912
0.104629
0.112414
0.125014
0.143661
0.170219
0.207398
0.259045
0.330519
0.429143
0.564678
0.749746
1
1.33379
1.77092
2.33023
3.02554
3.86034
4.82166
5.8748
6.96084
7.99911
8.89569
9.5576
9.90963
9.90963
9.5576
8.89569
7.99911
6.96084
5.8748
4.82166
3.86034
3.02554
2.33023
1.77092
1.33379
1
0.749746
0.564678
0.429143
0.330519
0.259045
0.207398
0.170219
0.143661
0.125014
0.112414
0.104629
0.100912
0.100912
0.104629
0.112414
0.125014
0.143661
0.170219
0.207398
0.259045
0.330519
0.429143
0.564678
0.749746
1
1.33379
1.77092
2.33023
3.02554
3.86034
4.82166
5.8748
6.96084
7.99911
8.89569
9.5576
9.90963
9.90963
9.5576
8.89569
7.99911
6.96084
5.8748
4.82166
3.86034
3.02554
2.33023
1.77092
1.33379
1
0.749746
0.564678
0.429143
0.330519
0.259045
0.207398
0.170219
0.143661
0.125014
0.112414
0.104629
0.100912
0.104629
0.108421
0.116356
0.129181
0.148125
0.175039
0.212607
0.264622
0.336341
0.434907
0.56979
0.753159
1
1.32774
1.75503
2.29934
2.97318
3.77897
4.70351
5.71301
6.75107
7.74105
8.5943
9.22334
9.5576
9.5576
9.22334
8.5943
7.74105
6.75107
5.71301
4.70351
3.77897
2.97318
2.29934
1.75503
1.32774
1
0.753159
0.56979
0.434907
0.336341
0.264622
0.212607
0.175039
0.148125
0.129181
0.116356
0.108421
0.104629
0.112414
0.116356
0.124592
0.137866
0.157397
0.185011
0.223335
0.276047
0.348197
0.446573
0.580072
0.759978
1
1.31583
1.72392
2.23927
2.87194
3.62257
4.47758
5.40507
6.35336
7.2534
8.02617
8.5943
8.89569
8.89569
8.5943
8.02617
7.2534
6.35336
5.40507
4.47758
3.62257
2.87194
2.23927
1.72392
1.31583
1
0.759978
0.580072
0.446573
0.348197
0.276047
0.223335
0.185011
0.157397
0.137866
0.124592
0.116356
0.112414
0.125014
0.129181
0.137866
0.151806
0.172198
0.200825
0.240217
0.293871
0.366519
0.46442
0.595633
0.770185
1
1.29839
1.67889
2.15322
2.72837
3.40286
4.16291
4.97945
5.80725
6.58737
7.2534
7.74105
7.99911
7.99911
7.74105
7.2534
6.58737
5.80725
4.97945
4.16291
3.40286
2.72837
2.15322
1.67889
1.29839
1
0.770185
0.595633
0.46442
0.366519
0.293871
0.240217
0.200825
0.172198
0.151806
0.137866
0.129181
0.125014
0.143661
0.148125
0.157397
0.172198
0.193691
0.223581
0.264252
0.318946
0.39196
0.488857
0.616629
0.78375
1
1.27592
1.62172
2.04559
2.55128
3.13533
3.78427
4.47266
5.16285
5.80725
6.35336
6.75107
6.96084
6.96084
6.75107
6.35336
5.80725
5.16285
4.47266
3.78427
3.13533
2.55128
2.04559
1.62172
1.27592
1
0.78375
0.616629
0.488857
0.39196
0.318946
0.264252
0.223581
0.193691
0.172198
0.157397
0.148125
0.143661
0.170219
0.175039
0.185011
0.200825
0.223581
0.254864
0.296857
0.352455
0.425405
0.520421
0.643252
0.800625
1
1.24902
1.5546
1.92152
2.3507
2.83724
3.36862
3.92365
4.47266
4.97945
5.40507
5.71301
5.8748
5.8748
5.71301
5.40507
4.97945
4.47266
3.92365
3.36862
2.83724
2.3507
1.92152
1.5546
1.24902
1
0.800625
0.643252
0.520421
0.425405
0.352455
0.296857
0.254864
0.223581
0.200825
0.185011
0.175039
0.170219
0.207398
0.212607
0.223335
0.240217
0.264252
0.296857
0.339935
0.395944
0.467969
0.559759
0.67571
0.820736
1
1.21842
1.47993
1.78648
2.13689
2.52561
2.94174
3.36862
3.78427
4.16291
4.47758
4.70351
4.82166
4.82166
4.70351
4.47758
4.16291
3.78427
3.36862
2.94174
2.52561
2.13689
1.78648
1.47993
1.21842
1
0.820736
0.67571
0.559759
0.467969
0.395944
0.339935
0.296857
0.264252
0.240217
0.223335
0.212607
0.207398
0.259045
0.264622
0.276047
0.293871
0.318946
0.352455
0.395944
0.451345
0.520993
0.607606
0.714206
0.843978
1
1.18487
1.40016
1.6458
1.91941
2.2156
2.52561
2.83724
3.13533
3.40286
3.62257
3.77897
3.86034
3.86034
3.77897
3.62257
3.40286
3.13533
2.83724
2.52561
2.2156
1.91941
1.6458
1.40016
1.18487
1
0.843978
0.714206
0.607606
0.520993
0.451345
0.395944
0.352455
0.318946
0.293871
0.276047
0.264622
0.259045
0.330519
0.336341
0.348197
0.366519
0.39196
0.425405
0.467969
0.520993
0.586021
0.664744
0.758914
0.870202
1
1.14916
1.31767
1.50434
1.70642
1.91941
2.13689
2.3507
2.55128
2.72837
2.87194
2.97318
3.02554
3.02554
2.97318
2.87194
2.72837
2.55128
2.3507
2.13689
1.91941
1.70642
1.50434
1.31767
1.14916
1
0.870202
0.758914
0.664744
0.586021
0.520993
0.467969
0.425405
0.39196
0.366519
0.348197
0.336341
0.330519
0.429143
0.434907
0.446573
0.46442
0.488857
0.520421
0.559759
0.607606
0.664744
0.731955
0.809937
0.899211
1
1.11209
1.23466
1.3662
1.50434
1.6458
1.78648
1.92152
2.04559
2.15322
2.23927
2.29934
2.33023
2.33023
2.29934
2.23927
2.15322
2.04559
1.92152
1.78648
1.6458
1.50434
1.3662
1.23466
1.11209
1
0.899211
0.809937
0.731955
0.664744
0.607606
0.559759
0.520421
0.488857
0.46442
0.446573
0.434907
0.429143
0.564678
0.56979
0.580072
0.595633
0.616629
0.643252
0.67571
0.714206
0.758914
0.809937
0.867268
0.930745
1
1.07441
1.15305
1.23466
1.31767
1.40016
1.47993
1.5546
1.62172
1.67889
1.72392
1.75503
1.77092
1.77092
1.75503
1.72392
1.67889
1.62172
1.5546
1.47993
1.40016
1.31767
1.23466
1.15305
1.07441
1
0.930745
0.867268
0.809937
0.758914
0.714206
0.67571
0.643252
0.616629
0.595633
0.580072
0.56979
0.564678
0.749746
0.753159
0.759978
0.770185
0.78375
0.800625
0.820736
0.843978
0.870202
0.899211
0.930745
0.964476
1
1.03683
1.07441
1.11209
1.14916
1.18487
1.21842
1.24902
1.27592
1.29839
1.31583
1.32774
1.33379
1.33379
1.32774
1.31583
1.29839
1.27592
1.24902
1.21842
1.18487
1.14916
1.11209
1.07441
1.03683
1
0.964476
0.930745
0.899211
0.870202
0.843978
0.820736
0.800625
0.78375
0.770185
0.759978
0.753159
0.749746
1
1
1
1
1
1
1
1
1
1
1
1
1
1
1
1
1
1
1
1
1
1
1
1
1
1
1
1
1
1
1
1
1
1
1
1
1
1
1
1
1
1
1
1
1
1
1
1
1
1
1.33379
1.32774
1.31583
1.29839
1.27592
1.24902
1.21842
1.18487
1.14916
1.11209
1.07441
1.03683
1
0.964476
0.930745
0.899211
0.870202
0.843978
0.820736
0.800625
0.78375
0.770185
0.759978
0.753159
0.749746
0.749746
0.753159
0.759978
0.770185
0.78375
0.800625
0.820736
0.843978
0.870202
0.899211
0.930745
0.964476
1
1.03683
1.07441
1.11209
1.14916
1.18487
1.21842
1.24902
1.27592
1.29839
1.31583
1.32774
1.33379
1.77092
1.75503
1.72392
1.67889
1.62172
1.5546
1.47993
1.40016
1.31767
1.23466
1.15305
1.07441
1
0.930745
0.867268
0.809937
0.758914
0.714206
0.67571
0.643252
0.616629
0.595633
0.580072
0.56979
0.564678
0.564678
0.56979
0.580072
0.595633
0.616629
0.643252
0.67571
0.714206
0.758914
0.809937
0.867268
0.930745
1
1.07441
1.15305
1.23466
1.31767
1.40016
1.47993
1.5546
1.62172
1.67889
1.72392
1.75503
1.77092
2.33023
2.29934
2.23927
2.15322
2.04559
1.92152
1.78648
1.6458
1.50434
1.3662
1.23466
1.11209
1
0.899211
0.809937
0.731955
0.664744
0.607606
0.559759
0.520421
0.488857
0.46442
0.446573
0.434907
0.429143
0.429143
0.434907
0.446573
0.46442
0.488857
0.520421
0.559759
0.607606
0.664744
0.731955
0.809937
0.899211
1
1.11209
1.23466
1.3662
1.50434
1.6458
1.78648
1.92152
2.04559
2.15322
2.23927
2.29934
2.33023
3.02554
2.97318
2.87194
2.72837
2.55128
2.3507
2.13689
1.91941
1.70642
1.50434
1.31767
1.14916
1
0.870202
0.758914
0.664744
0.586021
0.520993
0.467969
0.425405
0.39196
0.366519
0.348197
0.336341
0.330519
0.330519
0.336341
0.348197
0.366519
0.39196
0.425405
0.467969
0.520993
0.586021
0.664744
0.758914
0.870202
1
1.14916
1.31767
1.50434
1.70642
1.91941
2.13689
2.3507
2.55128
2.72837
2.87194
2.97318
3.02554
3.86034
3.77897
3.62257
3.40286
3.13533
2.83724
2.52561
2.2156
1.91941
1.6458
1.40016
1.18487
1
0.843978
0.714206
0.607606
0.520993
0.451345
0.395944
0.352455
0.318946
0.293871
0.276047
0.264622
0.259045
0.259045
0.264622
0.276047
0.293871
0.318946
0.352455
0.395944
0.451345
0.520993
0.607606
0.714206
0.843978
1
1.18487
1.40016
1.6458
1.91941
2.2156
2.52561
2.83724
3.13533
3.40286
3.62257
3.77897
3.86034
4.82166
4.70351
4.47758
4.16291
3.78427
3.36862
2.94174
2.52561
2.13689
1.78648
1.47993
1.21842
1
0.820736
0.67571
0.559759
0.467969
0.395944
0.339935
0.296857
0.264252
0.240217
0.223335
0.212607
0.207398
0.207398
0.212607
0.223335
0.240217
0.264252
0.296857
0.339935
0.395944
0.467969
0.559759
0.67571
0.820736
1
1.21842
1.47993
1.78648
2.13689
2.52561
2.94174
3.36862
3.78427
4.16291
4.47758
4.70351
4.82166
5.8748
5.71301
5.40507
4.97945
4.47266
3.92365
3.36862
2.83724
2.3507
1.92152
1.5546
1.24902
1
0.800625
0.643252
0.520421
0.425405
0.352455
0.296857
0.254864
0.223581
0.200825
0.185011
0.175039
0.170219
0.170219
0.175039
0.185011
0.200825
0.223581
0.254864
0.296857
0.352455
0.425405
0.520421
0.643252
0.800625
1
1.24902
1.5546
1.92152
2.3507
2.83724
3.36862
3.92365
4.47266
4.97945
5.40507
5.71301
5.8748
6.96084
6.75107
6.35336
5.80725
5.16285
4.47266
3.78427
3.13533
2.55128
2.04559
1.62172
1.27592
1
0.78375
0.616629
0.488857
0.39196
0.318946
0.264252
0.223581
0.193691
0.172198
0.157397
0.148125
0.143661
0.143661
0.148125
0.157397
0.172198
0.193691
0.223581
0.264252
0.318946
0.39196
0.488857
0.616629
0.78375
1
1.27592
1.62172
2.04559
2.55128
3.13533
3.78427
4.47266
5.16285
5.80725
6.35336
6.75107
6.96084
7.99911
7.74105
7.2534
6.58737
5.80725
4.97945
4.16291
3.40286
2.72837
2.15322
1.67889
1.29839
1
0.770185
0.595633
0.46442
0.366519
0.293871
0.240217
0.200825
0.172198
0.151806
0.137866
0.129181
0.125014
0.125014
0.129181
0.137866
0.151806
0.172198
0.200825
0.240217
0.293871
0.366519
0.46442
0.595633
0.770185
1
1.29839
1.67889
2.15322
2.72837
3.40286
4.16291
4.97945
5.80725
6.58737
7.2534
7.74105
7.99911
8.89569
8.5943
8.02617
7.2534
6.35336
5.40507
4.47758
3.62257
2.87194
2.23927
1.72392
1.31583
1
0.759978
0.580072
0.446573
0.348197
0.276047
0.223335
0.185011
0.157397
0.137866
0.124592
0.116356
0.112414
0.112414
0.116356
0.124592
0.137866
0.157397
0.185011
0.223335
0.276047
0.348197
0.446573
0.580072
0.759978
1
1.31583
1.72392
2.23927
2.87194
3.62257
4.47758
5.40507
6.35336
7.2534
8.02617
8.5943
8.89569
9.5576
9.22334
8.5943
7.74105
6.75107
5.71301
4.70351
3.77897
2.97318
2.29934
1.75503
1.32774
1
0.753159
0.56979
0.434907
0.336341
0.264622
0.212607
0.175039
0.148125
0.129181
0.116356
0.108421
0.104629
0.104629
0.108421
0.116356
0.129181
0.148125
0.175039
0.212607
0.264622
0.336341
0.434907
0.56979
0.753159
1
1.32774
1.75503
2.29934
2.97318
3.77897
4.70351
5.71301
6.75107
7.74105
8.5943
9.22334
9.5576
9.90963
9.5576
8.89569
7.99911
6.96084
5.8748
4.82166
3.86034
3.02554
2.33023
1.77092
1.33379
1
0.749746
0.564678
0.429143
0.330519
0.259045
0.207398
0.170219
0.143661
0.125014
0.112414
0.104629
0.100912
0.100912
0.104629
0.112414
0.125014
0.143661
0.170219
0.207398
0.259045
0.330519
0.429143
0.564678
0.749746
1
1.33379
1.77092
2.33023
3.02554
3.86034
4.82166
5.8748
6.96084
7.99911
8.89569
9.5576
9.90963
)
;

boundaryField
{
    left
    {
        type            fixedValue;
        value           uniform 1;
    }
    right
    {
        type            fixedValue;
        value           uniform 1;
    }
    bottom
    {
        type            fixedValue;
        value           uniform 1;
    }
    top
    {
        type            fixedValue;
        value           uniform 1;
    }
    frontAndBack
    {
        type            empty;
    }
}


// ************************************************************************* //
